0.333480952735044 -0.795486917954443 -0.505955548962821 3.01631454620285 0.0242014706925297 0.543723231893074 -0.838915571387293 2.34481747777898 0.942446148583168 0.267517495620552 0.200573294727045 0.435826465657222 0 0 0 1
0.318641030093863 -0.79271149964241 -0.519688726330872 3.03340151575753 0.034813852663223 0.557684340038551 -0.829322719174213 2.32383699322357 0.947235920773418 0.246163878768693 0.205298453930093 0.435356644790441 0 0 0 1
0.308469825768651 -0.790328167559655 -0.529365425913004 3.04903463375531 0.0433529440369541 0.567606122068821 -0.822158021570868 2.30586789741077 0.950245699192365 0.230661391983559 0.209352414398831 0.436433452253009 0 0 0 1
0.299301012573564 -0.790129463648202 -0.534896564344401 3.05685005868547 0.0490630846048923 0.572597751585895 -0.818367050050178 2.29690531900821 0.952896488398132 0.218694411345563 0.210145275570795 0.437371842517703 0 0 0 1
0.284144094659438 -0.786830246676248 -0.547868867874022 3.06932485827661 0.0498093643413204 0.582764459599261 -0.811113192995833 2.28253665583002 0.957486898445134 0.203184023838923 0.204780594203997 0.440013359206249 0 0 0 1
0.272126913037526 -0.787768479140937 -0.552600910669393 3.07516558803137 0.0534428808086148 0.585759786604325 -0.808720799094552 2.27515363822426 0.960776145463418 0.190542109963205 0.201501619445668 0.442228109990996 0 0 0 1
0.265497268973222 -0.786831021471954 -0.557142839689394 3.08625546625901 0.0574963433048729 0.589775477814835 -0.805517880791514 2.25982776812882 0.962395641446037 0.181829121478611 0.201823685200691 0.447265658382474 0 0 0 1
0.257270260809056 -0.78804029118629 -0.559289292200618 3.09022396289367 0.0632892045934864 0.591269064340589 -0.803987170380055 2.25378742376194 0.96426474035151 0.171445014569781 0.20199038960803 0.449939473696387 0 0 0 1
0.23363247211931 -0.792627411591477 -0.563167518918852 3.09952484102055 0.0851861243215475 0.593655512722732 -0.800197760829774 2.23811234171941 0.968586182120359 0.138978122766518 0.206218062249167 0.45852765597026 0 0 0 1
0.184099330215391 -0.808854849989503 -0.558445403117175 3.10894735649302 0.132888899752919 0.583422574186477 -0.80122321499822 2.21668754266412 0.973882938004719 0.073293462041877 0.214895536215187 0.475790047464715 0 0 0 1
0.179196761907898 -0.809821857466456 -0.558638594881614 3.11078021560542 0.134910302715748 0.582693028605434 -0.801416274251884 2.20941576102477 0.974519230565959 0.0682450993420509 0.213670015849029 0.482766939860207 0 0 0 1
0.177148113318005 -0.809549304435143 -0.559686045597393 3.11233161538549 0.135837683494646 0.583349174760071 -0.800782032796411 2.20178977271568 0.974764930478461 0.0658305703706122 0.213306507903534 0.492217622063809 0 0 0 1
0.169652584904197 -0.808934183811003 -0.562888520665816 3.11311267894953 0.137552407309397 0.585014095044628 -0.799273322363824 2.19727211215298 0.97585723119661 0.0581721141195798 0.210519997767776 0.499789300838583 0 0 0 1
0.162932311328881 -0.808942871293913 -0.564857940466262 3.1134798219058 0.137562898918138 0.585541893244801 -0.798884935454745 2.19219605426513 0.977000261395189 0.0524606732519974 0.206684220480617 0.510247779307959 0 0 0 1
0.154687033198601 -0.810808239144113 -0.56450148015416 3.11336834264685 0.137885110486984 0.583504446268363 -0.800318847392115 2.18733854864848 0.978294239002871 0.0459625991548878 0.202058955289588 0.523002028283338 0 0 0 1
0.139465972948213 -0.813926846505626 -0.563979016388922 3.11254829628853 0.141893916113145 0.580094229766484 -0.802095256912609 2.18372589802467 0.980007836172591 0.0318398041613997 0.196394673836333 0.536518975557738 0 0 0 1
0.131235504837185 -0.814622358342496 -0.56494925042754 3.11229051942281 0.149258148453871 0.579618294211326 -0.801102139639931 2.18153400448842 0.980050635115478 0.0208097646325786 0.197655524349018 0.545789924860556 0 0 0 1
0.122170113097935 -0.817603055098979 -0.562671936174582 3.1088240083624 0.16550481408002 0.575763142683774 -0.800690302203819 2.18124666765012 0.978612599541809 0.00469551059204093 0.205658289884712 0.559811607137985 0 0 0 1
0.0996024139248074 -0.825928200309645 -0.554907169780335 3.10185157058731 0.161095737964301 0.563708122139096 -0.810111915875918 2.18390398608371 0.981899955367189 -0.00870407764695313 0.189200202648484 0.577790184197847 0 0 0 1
0.0772420648417646 -0.833605554731192 -0.546932758700996 3.09295499858774 0.151414047054113 0.552016686067459 -0.819970343767258 2.18922917823758 0.985447842239089 -0.0194770999997936 0.168858499347597 0.598095197736299 0 0 0 1
0.0534517631172908 -0.847599676858308 -0.527937209154029 3.06777081030262 0.172343269216963 0.528589817661198 -0.831198292960537 2.20562843913436 0.983585637641818 -0.0465574103080618 0.174332157016841 0.634194275680324 0 0 0 1
0.0308699792621349 -0.857323176208681 -0.513852134291387 3.05031678357865 0.178092867315451 0.510588547396979 -0.841179092630341 2.21663756973141 0.983529346278857 -0.0655462188268771 0.168445000536622 0.653911182106414 0 0 0 1
0.00615288831662283 -0.865927280980239 -0.500132068577424 3.04074607755873 0.165987425536183 0.494087649396405 -0.8534199255219 2.22145024889835 0.986108673792718 -0.0777646370023357 0.146773106196816 0.663757220706779 0 0 0 1
-0.0124435239169917 -0.875652381328296 -0.482781592220139 3.02399160767808 0.162672678729271 0.474614077004784 -0.865031258108018 2.23044924739632 0.986601620872159 -0.0892994119968449 0.136538846887789 0.678057910891347 0 0 0 1
-0.0245605526963286 -0.883011635715378 -0.468708043927672 3.0090678837013 0.160013275219055 0.459332271881863 -0.873733149057261 2.23873582742919 0.986809267794401 -0.0964588782803337 0.130012129418674 0.689441117578185 0 0 0 1
-0.0370363905965654 -0.892469143025134 -0.449585514134477 2.98888785870184 0.156675153355544 0.43914456298801 -0.884649619408208 2.2500747207326 0.986955521841078 -0.103203108218956 0.123563410285372 0.701962577944726 0 0 0 1
-0.0536489361497037 -0.898991549578798 -0.434667672407227 2.97234824535398 0.158940834890064 0.422057231651624 -0.89252759297123 2.25915908184767 0.98582939835169 -0.116969598599288 0.120243545976768 0.709926562082584 0 0 0 1
-0.06490751922659 -0.905821892302675 -0.418657035499286 2.95091113574184 0.168641031376592 0.40355011025126 -0.899281663914279 2.27014461218172 0.983538111353134 -0.128972896150302 0.126565301621393 0.717855946397045 0 0 0 1
-0.093743991781281 -0.917922601620166 -0.385525824608127 2.92309547285785 0.171908614574611 0.366490974663791 -0.914402424387109 2.28377887438156 0.980642387539897 -0.151994943747646 0.123442475814449 0.726002316246325 0 0 0 1
-0.121196058029325 -0.925565375517475 -0.358664538477598 2.89927004422069 0.177990760541892 0.335207953450318 -0.925178316383046 2.29627844935582 0.976540221741978 -0.175966938902867 0.124116202541341 0.729820352432154 0 0 0 1
-0.134336265295487 -0.932764731729775 -0.334520138508195 2.87377173329049 0.181288593901598 0.308748939989661 -0.933706880009161 2.30938481867666 0.97421158561559 -0.186075380683051 0.127623427144141 0.73078691702905 0 0 0 1
-0.145834615852836 -0.938338732638959 -0.313452847568128 2.8483820737131 0.185973715916938 0.285189556102773 -0.940255653574042 2.32211088330411 0.971671776788387 -0.195415812869418 0.132915831538169 0.729030903903886 0 0 0 1
-0.164447228208797 -0.943266254198256 -0.288454299370343 2.81628036500896 0.193214190998726 0.255966464259467 -0.94717973245378 2.33756951063687 0.967277305394452 -0.211494545710519 0.14015945063944 0.723477565828403 0 0 0 1
-0.175609218660186 -0.950080304297506 -0.257893035399402 2.78252807050689 0.208882370206946 0.220039753350139 -0.952864451200871 2.35220555152883 0.962044467651203 -0.221201090258543 0.159814016688602 0.714266461625717 0 0 0 1
-0.188469756163237 -0.952876298345201 -0.237709720170877 2.755442480264 0.214034301423012 0.19637545054887 -0.956883483103398 2.36269401766144 0.958471944725631 -0.23122163063536 0.16693737957747 0.706607964061559 0 0 0 1
-0.201267686907678 -0.961560205270192 -0.186797456748153 2.68774927141455 0.214819770050917 0.142727937400826 -0.966168309499218 2.38580015027235 0.955690213721007 -0.234586247521144 0.177835620368487 0.681521096276337 0 0 0 1
-0.20630418934784 -0.964851633653968 -0.16278791875566 2.65062209341286 0.218292609928822 0.116790583529845 -0.968869597030076 2.397625997838 0.953827509515213 -0.235417256449112 0.186525594645826 0.664166780248443 0 0 0 1
-0.204395949789805 -0.968328083662481 -0.143398110517785 2.6226046059858 0.219511192974378 0.0974196714891759 -0.970733868661183 2.40561025919425 0.953958663605761 -0.229891561388165 0.192646666553103 0.650491148933334 0 0 0 1
-0.201281493558325 -0.974736748514677 -0.0968195819344658 2.55437291925869 0.227527897438172 0.0496139584316685 -0.972506817979239 2.42086245979474 0.952741736378907 -0.217776780726907 0.211793431290798 0.615272743941523 0 0 0 1
-0.163546648242779 -0.986071214359796 -0.0302663849765827 2.43896993921435 0.23803589354274 -0.00966969776056342 -0.971208221922842 2.44002157016168 0.957387803992647 -0.166042335433519 0.236301789265169 0.549993777351043 0 0 0 1
-0.152579022465376 -0.988281941152913 -0.00429496152959974 2.40054628660437 0.237050501982972 -0.03237811688363 -0.970957628867857 2.44374196639971 0.959440827468339 -0.149165888654546 0.239212951674378 0.529719471393381 0 0 0 1
-0.14640228444375 -0.989015242374004 0.02037698362225 2.35957673475896 0.246303908632682 -0.0563946982282789 -0.967550527158145 2.44572000725751 0.958071372968588 -0.136632676778403 0.251854632545153 0.508726909427795 0 0 0 1
-0.137032113752702 -0.989624180544009 0.0431993180856585 2.31896566171698 0.258354296625316 -0.0778072816802605 -0.962911773909098 2.44633539172285 0.956281996701655 -0.120789106297414 0.26633575536185 0.488195766085086 0 0 0 1
-0.126162099133367 -0.989857748706808 0.0653051457953457 2.28011230741847 0.266329399360764 -0.0972121310790512 -0.958967388708919 2.44673754480277 0.955589752863852 -0.103592658505119 0.275892706183844 0.469849636450806 0 0 0 1
-0.115502466317436 -0.989829181292153 0.0830504192469541 2.24704176022087 0.270351280483701 -0.111780156068184 -0.956250689856063 2.44687105010568 0.955808226275236 -0.0879965259080024 0.28051247033369 0.454841247882176 0 0 0 1
-0.0998602287360186 -0.989708547139392 0.102493543387005 2.21339853572597 0.27484573974368 -0.126437945052353 -0.95313863912638 2.44691636545453 0.956288530759174 -0.0670107287691454 0.284643299883009 0.439743068309141 0 0 0 1
-0.0592033617895911 -0.986406013579469 0.153291024939728 2.11458936410472 0.289690524385113 -0.163929097275565 -0.942977545410227 2.44396026913073 0.95528758080187 -0.011420483382061 0.295457628984312 0.401446762850096 0 0 0 1
-0.0388791396496335 -0.984949270217979 0.168414214356077 2.08734034571767 0.297031475357795 -0.172314920141637 -0.939191072648879 2.44251109460177 0.954075843498239 0.0135093816902045 0.299260390729332 0.393525126888128 0 0 0 1
-0.0188799212338779 -0.982767749779851 0.183877944753714 2.05681737386761 0.300090223553857 -0.181001368585557 -0.936581209664998 2.44065831807699 0.953723967561683 0.0374973940801606 0.298336285315076 0.388349487370949 0 0 0 1
-0.00383560773802255 -0.97832935169681 0.207019244810185 2.02829974584268 0.286142200889336 -0.199438272939364 -0.937201694491197 2.43761021734081 0.958179486830879 0.0556422042649563 0.280706280872106 0.386805296887834 0 0 0 1
0.0129032667377008 -0.975153936545694 0.221152223020551 1.99881353280996 0.289013510604859 -0.208093408450862 -0.934434761793009 2.4361540161685 0.957238056282423 0.0759732413336336 0.279147577825621 0.38955692309652 0 0 0 1
0.050030115813388 -0.969066559062546 0.241675384800305 1.9649246251295 0.286936895920815 -0.217830671323582 -0.932854231051157 2.43549026046701 0.956642151105118 0.116016389951566 0.267162856684045 0.397496111753266 0 0 0 1
0.0867646267448199 -0.963154509530064 0.254568832180482 1.93744268086824 0.283661050801538 -0.221070336278184 -0.933093947400806 2.43687615072784 0.954991260590378 0.153170810501717 0.254028335046009 0.409513039657206 0 0 0 1
0.119759296978533 -0.95610060165691 0.267449715457883 1.91084050492471 0.279464200506428 -0.226030746373395 -0.933171936102447 2.44076750569449 0.95265810835919 0.186498635933835 0.240126606964552 0.426814784373491 0 0 0 1
0.139858100142254 -0.951367192541784 0.274481651080291 1.8927191492707 0.273246109055815 -0.229359638568438 -0.934200578078184 2.44528027263612 0.951722793522598 0.205656561166715 0.227879580345901 0.443304799467202 0 0 0 1
0.150271190451009 -0.947921859814308 0.280825064776311 1.88416719293518 0.267851077295513 -0.234391332152911 -0.934514046873142 2.4482838439358 0.951669254369431 0.215649834448735 0.218679626829213 0.452086607637255 0 0 0 1
0.175841610742844 -0.941702415922623 0.286838434971424 1.86849109063074 0.258084880878309 -0.237086661801819 -0.936580006757404 2.45528457622361 0.949985222092107 0.238718400298687 0.20134945533933 0.471219997012007 0 0 0 1
0.220923248203659 -0.930169891275542 0.293218164116055 1.84928430960994 0.235305755473736 -0.240929735621343 -0.941585930191378 2.4684767490348 0.946479857072552 0.277014143786694 0.165647349203198 0.501408164370867 0 0 0 1
0.255993708095322 -0.919539482927183 0.298185111555919 1.83991506677901 0.225651050659694 -0.243099442445665 -0.943389773327432 2.47757506111745 0.939972778729141 0.308787629966966 0.145263122738019 0.52028257309912 0 0 0 1
0.284617435811252 -0.910538825999964 0.29985323339733 1.83181011968722 0.214593808613884 -0.244336953033991 -0.94564737121543 2.4876649481973 0.934313872602144 0.333494377356908 0.125853437515678 0.541774555269188 0 0 0 1
0.310185876596215 -0.90276896743881 0.297981397724258 1.82578395971191 0.202762374271382 -0.243406174490196 -0.948493992495409 2.49958007729805 0.928801454316298 0.354628856199708 0.107546421653245 0.566417488715606 0 0 0 1
0.332424298517907 -0.896234356955327 0.293697230439358 1.82281172393044 0.196969974505736 -0.238566138425787 -0.950941126852666 2.50959776229493 0.922332323459439 0.373965473017871 0.0972260772243375 0.585287633047264 0 0 0 1
0.34033764360727 -0.891047369350614 0.300341262428594 1.82259669669171 0.219476687228731 -0.235309133820596 -0.946815502251469 2.52179776287104 0.914330504854209 0.388154862283022 0.115479568665179 0.60639160578589 0 0 0 1
0.346973781078473 -0.889320315050014 0.297856630752871 1.82586774048037 0.213276979235152 -0.234447594111881 -0.948444650859226 2.53227779918184 0.913302866179909 0.392611389104411 0.10832438217257 0.621897658895538 0 0 0 1
0.357995318788967 -0.888468346787241 0.287164323136307 1.83359508335175 0.203420361606192 -0.225947762594133 -0.952663510932749 2.54417383400585 0.911295510912455 0.399464147747771 0.0998443110795756 0.639508661601857 0 0 0 1
0.369227360790566 -0.887501849239734 0.275702055922122 1.84260583287338 0.197318191405046 -0.21503516663877 -0.956465058666169 2.55293345896125 0.908150145837281 0.407554100340909 0.0957233927054251 0.652052770854366 0 0 0 1
0.384078760605042 -0.885527125197239 0.261390925994016 1.85642869288085 0.189883436532844 -0.201296267746248 -0.960949578865566 2.56272883764725 0.903563935857653 0.41871413056087 0.0908333126451024 0.665732934712946 0 0 0 1
0.393477798947032 -0.885610310197524 0.246717652809125 1.87147791749791 0.184308280166082 -0.186926381616315 -0.964929523705256 2.57141572061432 0.900669572927841 0.425150451402415 0.0896739319663348 0.677888549624304 0 0 0 1
0.39157294732607 -0.890666641109599 0.231048828901858 1.88678237905912 0.173473582759866 -0.175139797104338 -0.969140323975175 2.57882135745605 0.903646802133904 0.419570001173579 0.0859271267317421 0.687976367259183 0 0 0 1
0.399487571686113 -0.892481867943078 0.209489368372641 1.9093052677088 0.162684081150728 -0.155871839089897 -0.974288386217796 2.58821169683348 0.902188211964929 0.423296686936678 0.0829237301377335 0.701470265766805 0 0 0 1
0.409512775316382 -0.892835729909848 0.187466386984501 1.93319134273704 0.147685083482848 -0.137898542545468 -0.979373834692606 2.59636753286366 0.900271294093808 0.42875208612925 0.0753873044383265 0.713966415289583 0 0 0 1
0.422622352137234 -0.891069749255055 0.16548428758201 1.95710343984045 0.128384055442036 -0.121890081214387 -0.984205437096243 2.60302348476554 0.897166585301887 0.437192760763584 0.0628856752660592 0.726529113841955 0 0 0 1
0.423322043390671 -0.899199821617341 0.11062607460671 2.03536239001082 0.0974473127184808 -0.0762063526853021 -0.992318806157754 2.61892936809096 0.900723303142255 0.430850638404709 0.055364777275455 0.755159690560401 0 0 0 1
0.419467004225553 -0.905995427740257 0.0567425526372171 2.1099926162346 0.0665261896707107 -0.0316588813914339 -0.997282297705589 2.62491110429408 0.905329607631351 0.422101883604884 0.0469925675322482 0.766157649903588 0 0 0 1
0.406315361012992 -0.913700756933832 -0.00766512775008454 2.18973868301149 0.0416655333825005 0.0269071026319354 -0.998769238190638 2.62041873714648 0.91278245531607 0.405495911947947 0.0490025985093511 0.769511580497971 0 0 0 1
0.375534575650901 -0.924635108162499 -0.0634326354806443 2.28280183982495 0.0189868106048604 0.0761029017012454 -0.996919178958709 2.60399600462001 0.92661388048839 0.373173237392465 0.0461351425734655 0.773374287061269 0 0 0 1
0.361811714045784 -0.928414008544521 -0.0844968183871246 2.32264627439651 0.00453267585716127 0.0923882377038015 -0.995712743909387 2.59510344891873 0.932240172074142 0.359877537882376 0.0376353464032618 0.778125656969294 0 0 0 1
0.344218635741219 -0.931274956839671 -0.11933350565421 2.36643986104738 0.019549254274582 0.134182216943173 -0.990763826203563 2.57980662380431 0.938685973830312 0.338706491552029 0.0643937505877204 0.786728312823918 0 0 0 1
0.320201676656565 -0.937197405691195 -0.138318144261762 2.40739039646599 0.0155706320088165 0.151192130799911 -0.988381755701221 2.56651415579033 0.947221432234919 0.314327794427848 0.0630047297030454 0.797718067080445 0 0 0 1
0.294907728066868 -0.943249354901325 -0.152676410766929 2.43114385104258 0.0134961550588458 0.16387854314072 -0.986388197869735 2.55790520933047 0.955430419091347 0.288832957912197 0.0610592883894424 0.804552589287123 0 0 0 1
0.269629128153522 -0.947457443035999 -0.17211777039823 2.465100834133 0.00470148803571729 0.180030530776482 -0.983649787271155 2.54537061041812 0.962952765851691 0.264411424912057 0.0529959348870639 0.815730628158816 0 0 0 1
0.250905380166137 -0.950755912408927 -0.181960669440279 2.48559689930642 0.00553171083698395 0.189378815280939 -0.981888519383949 2.53742838383948 0.967995811137064 0.245354558429748 0.0527754704274756 0.822945380013435 0 0 0 1
0.238248826840182 -0.952205409183092 -0.191160548314076 2.50579424346451 0.00355272046377225 0.197681551629145 -0.980259854489002 2.52962644059199 0.971197649650463 0.232866620338671 0.0504803174065103 0.830826984471537 0 0 0 1
0.222144043602027 -0.952288875113086 -0.209279531316356 2.53244226410019 -0.00136650246020881 0.214338328424597 -0.976758523709507 2.51889019963687 0.975012900716276 0.217267069073991 0.0463126778844675 0.841517149137285 0 0 0 1
0.212332632567947 -0.950456968375191 -0.227038332476711 2.56193713691955 -0.0119606985032674 0.229790995729363 -0.973166501670203 2.50650711079647 0.977124247390309 0.209350542270013 0.0374239978245602 0.855871749976318 0 0 0 1
0.191513911720987 -0.951781537053653 -0.239654600083352 2.58955260672221 -0.0155786472962883 0.241195746834908 -0.97035144017885 2.49463505431037 0.981366255465177 0.189569294540377 0.0313648720979401 0.872937705766465 0 0 0 1
0.17310443181715 -0.953150456444092 -0.248070681592327 2.60903348507511 -0.0215918741668448 0.248139964504974 -0.968483530570052 2.4856341017838 0.984666769346475 0.173005102225021 0.02237382284915 0.888436821601008 0 0 0 1
0.158956136364895 -0.953179995781459 -0.257256374758728 2.63008218229195 -0.0282772089186568 0.256066999952433 -0.966245357552175 2.47592333862323 0.986880613938543 0.160865121071719 0.0137501510851918 0.907399983451082 0 0 0 1
0.134101398425787 -0.955145697171894 -0.264033164799925 2.65138810192553 -0.0325048222903694 0.26205671213184 -0.964504907273427 2.46605045462007 0.990434375144623 0.137923807954486 0.00409533041576021 0.930474600328981 0 0 0 1
0.0929911549338984 -0.9600587177033 -0.263893735556484 2.67007216967152 -0.0304306301946269 0.262177911538282 -0.9645396412006 2.45749792027954 0.995201799561284 0.0977241078921698 -0.00483496501145447 0.953494719177345 0 0 0 1
0.0534273545231788 -0.962092998941204 -0.2674370564768 2.68203138400905 -0.025097721556577 0.266441200508418 -0.963524359341424 2.45114189000855 0.998256290819809 0.0581906183156182 -0.00991109371981386 0.971765853718962 0 0 0 1
0.0180926598438951 -0.963771079234516 -0.266116445359752 2.69380511684748 -0.0311015356375388 0.265488708838425 -0.963612183380997 2.44411911606882 0.999352465419864 0.0257109375644368 -0.0251713636658329 0.990933000943871 0 0 0 1
-0.0198047297042614 -0.96384417944848 -0.265729506123478 2.70345973738594 -0.0244610405652411 0.266169189342637 -0.963615909031783 2.43780416541825 0.999504592373545 -0.0125841323884328 -0.028848040422594 1.01479180099406 0 0 0 1
-0.0590655680151409 -0.962800563553686 -0.263678466120676 2.70980640022941 -0.0137308640366164 0.264898223226771 -0.964178611411863 2.43211467659057 0.99815966761228 -0.053329224183405 -0.0288664476536241 1.03733751162292 0 0 0 1
-0.0799157765687747 -0.962209104830634 -0.2603211617146 2.71349375641267 -0.0180295090778687 0.262509019527043 -0.964761085175683 2.42943307892808 0.996638553066166 -0.0724061685768538 -0.038326769942163 1.05834385200667 0 0 0 1
-0.095058505862744 -0.961789660501771 -0.256757725132138 2.71444070919489 -0.0261826187258082 0.260252071230404 -0.965185645301951 2.42831316603388 0.995127303886192 -0.085026515700531 -0.0499213450141891 1.08185861920189 0 0 0 1
-0.141039871654814 -0.960004918685906 -0.241864240230879 2.70472232385596 -0.0462067649187662 0.250423430646718 -0.967033112286684 2.43010194515035 0.988925017116736 -0.125214461952265 -0.0796784101163499 1.13706074532837 0 0 0 1
-0.189022917846951 -0.95900838747357 -0.211123777163938 2.66662739641631 -0.0617087336401167 0.226175414855716 -0.972129988174101 2.44085358195782 0.980031820259505 -0.170726665961086 -0.101931530002517 1.19859823123809 0 0 0 1
-0.252349498854214 -0.958450711232395 -0.133011144518582 2.58300439007491 -0.0913833221871541 0.160451105838323 -0.982804421571911 2.46107452605115 0.963311382084768 -0.235855202981354 -0.128076166293962 1.23294720307612 0 0 0 1
-0.182696041881702 -0.982392393496347 -0.0390812164764459 2.46356776522128 -0.0921222385713657 0.0566803080366146 -0.994133208298302 2.48176756833709 0.978844037342702 -0.178023953111355 -0.100855454375291 1.19660615829382 0 0 0 1
-0.157878535051903 -0.987345772541635 -0.0149229224358861 2.43296199287453 -0.0909645968588905 0.0295902916754534 -0.995414414581616 2.48417086429103 0.983259787791693 -0.155797111920356 -0.0944851820610588 1.18164425564611 0 0 0 1
-0.14333293363628 -0.989664018501182 -0.00456076959618651 2.41117596405881 -0.0766186321944514 0.0156909546934861 -0.996936998581885 2.48609475202268 0.986704239038157 -0.142544464729076 -0.0780757339973962 1.17012631926349 0 0 0 1
-0.126438650660282 -0.991905823976905 0.0116663610395091 2.38082312455984 -0.0632441497991982 -0.00367617765208184 -0.997991314207718 2.48875107257842 0.989956284456735 -0.1269225042243 -0.0622674295763755 1.15228303980024 0 0 0 1
-0.118533723718352 -0.992689193479747 0.0227578885222531 2.3637205286588 -0.0632871477891966 -0.0153199307247101 -0.997877766385893 2.48988703184569 0.990931124380585 -0.119722449319749 -0.0610085392605841 1.14103170378756 0 0 0 1
-0.10190355323381 -0.993734774740907 0.0459005807039721 2.33628994356552 -0.0504706207104221 -0.040916811757517 -0.997887033165931 2.48975546712306 0.993513151540244 -0.104004865204652 -0.0459848423976151 1.120518646278 0 0 0 1
-0.0925598672926647 -0.992413252256304 0.0809234682451843 2.31158768689864 -0.0658660658189739 -0.0749917646335251 -0.99500648068778 2.48802315313657 0.99352621119943 -0.0974277782935392 -0.0584251288102138 1.09791262418958 0 0 0 1
-0.0707273930750446 -0.991861934239458 0.105865666179215 2.2901833684735 -0.0664064886751607 -0.101214048870406 -0.992645905936802 2.48666702318214 0.995282780987717 -0.0772374243357442 -0.0587074624842217 1.07613520078636 0 0 0 1
-0.0542524119538849 -0.99053389479716 0.126092343364518 2.26697742154273 -0.0516777520014374 -0.123323788198865 -0.991020006464229 2.48338275309861 0.997189092271503 -0.0602813944949107 -0.044497952003267 1.04854913788976 0 0 0 1
-0.0361398538663097 -0.989604132648534 0.139203346250959 2.25034632284267 -0.0441414504401559 -0.137577646308787 -0.989506909318562 2.4808586167924 0.998371395481441 -0.0419052727121171 -0.0387105257438084 1.02585392043702 0 0 0 1
-0.0137184749900096 -0.988191759206984 0.152606849385452 2.23209618128766 -0.0358917381301234 -0.152036199290653 -0.987723026581466 2.47724697660371 0.999261520613071 -0.0190273787122204 -0.033382215046258 0.997448034638092 0 0 0 1
0.0071700699939462 -0.986817242893018 0.161679680929001 2.21671227596716 -0.0255853057308293 -0.161811945300727 -0.986489881594664 2.47313989212868 0.999646928783829 0.00293657743232195 -0.0264082238335347 0.971302209146557 0 0 0 1
0.0123622566338351 -0.985021536546027 0.171987636623751 2.20230420046462 -0.010418570433599 -0.17211833068923 -0.985021184356394 2.46870265759406 0.999869305459988 0.0103852193649051 -0.0123902872324843 0.945127815106823 0 0 0 1
0.0195189287169588 -0.982084284844795 0.187428570081055 2.18491649127838 0.00645833211471086 -0.18733652479618 -0.982274562647117 2.46203114132402 0.999788628345031 0.0203834231221599 0.0026860182025864 0.912863124035682 0 0 0 1
0.0278431347346557 -0.97959230245137 0.199056978843173 2.17027779571689 0.0201888039123872 -0.198542489019207 -0.979884325954163 2.45536254607492 0.999408411033615 0.0313017736251763 0.0142487516359587 0.884678962797352 0 0 0 1
0.0285943922647184 -0.977481665124853 0.209074042089772 2.15845594769065 0.0294417019596525 -0.208245239533584 -0.977633421276768 2.44981274581212 0.999157418486562 0.0341103291737936 0.0228240777891472 0.860479169335004 0 0 0 1
0.051263058809724 -0.97256822490738 0.226898979067731 2.14663305126914 0.050765240090219 -0.224366321827376 -0.973181711721011 2.44196603620157 0.997394099240643 0.061406852469101 0.0378709554907831 0.834398896289602 0 0 0 1
0.0543454884134302 -0.972519275483871 0.226390871506409 2.13635305502341 0.0508690338621513 -0.223735028291118 -0.973321621309988 2.43416141751582 0.997225606010514 0.0644119238021846 0.0373121265685105 0.809421057827472 0 0 0 1
0.0596683785990934 -0.971004493743097 0.231495049031435 2.12865060527289 0.0585767462826685 -0.228102657331898 -0.971873418976495 2.42569318990677 0.996498093018893 0.071550337866693 0.0432677681521816 0.785405897320588 0 0 0 1
0.0618912412805818 -0.970239251258526 0.234105253187627 2.12498531940396 0.0633298761959897 -0.230264733457446 -0.971065126192251 2.42019532186389 0.996071684686273 0.0749262827255264 0.0471937614858686 0.76803638621459 0 0 0 1
0.0721242684082503 -0.969133760022442 0.235749538899525 2.12249433271097 0.0740982402012527 -0.230505526003703 -0.970245666458157 2.41266692544607 0.99463940234924 0.0874468848302813 0.0551860637102102 0.742387970599812 0 0 0 1
0.0777841128586377 -0.968019124551411 0.238513325182295 2.12549355075791 0.0965684201081294 -0.230797698148835 -0.9681977911393 2.39914890699351 0.992282304601173 0.0983432612430538 0.0755276832920615 0.692188640109067 0 0 0 1
0.0774215344869317 -0.968553590817517 0.236452633125925 2.12774290665756 0.114194451623492 -0.226988951000653 -0.967179219866739 2.38333749723036 0.99043704152061 0.101882078100702 0.0930296132733209 0.643489414638957 0 0 0 1
0.0873773822203071 -0.966056316363827 0.243105710936375 2.12859820835325 0.145545015510408 -0.229040182736494 -0.962474541560507 2.3616885171211 0.985485586671059 0.119481330364151 0.120591749958325 0.587604842279807 0 0 0 1
0.084942726226185 -0.966859290691843 0.240765124684058 2.12987272824484 0.166005887763338 -0.224528353597902 -0.960223444651567 2.34322236620577 0.982459555650597 0.12153242544063 0.141432284423848 0.536083075754088 0 0 0 1
0.0843200178446616 -0.969154708857138 0.231579975150515 2.14259953702477 0.195788144601997 -0.21176293710414 -0.957508987374184 2.31392228745639 0.977014399599097 0.126077788563511 0.171893147643968 0.466669581518103 0 0 0 1
0.0855121002516916 -0.968949602549909 0.232000750923177 2.14941417217318 0.195528436148391 -0.212005471657528 -0.95750838672287 2.30385672156599 0.976962799377699 0.127241297170543 0.171328167346903 0.446404882256194 0 0 0 1
0.0813515988252246 -0.970580900336254 0.226615606856733 2.15514214805208 0.208457354141207 -0.205771510085133 -0.956139956879604 2.29616637444406 0.974642215827443 0.125023204005296 0.18558488512598 0.431037615106835 0 0 0 1
0.0750851808495793 -0.972052098537616 0.222434110121182 2.16352335277106 0.219731561971692 -0.201452485339161 -0.954533884586689 2.28630378092277 0.972666569945871 0.120547143803954 0.198464429635243 0.411844283162452 0 0 0 1
0.0765164687724374 -0.972928286264192 0.218072877253497 2.17438678377951 0.235030648951747 -0.19495093688828 -0.952236696551704 2.27571576177802 0.968971529024417 0.124115599315332 0.213751009229615 0.391298345988947 0 0 0 1
0.0714832377048299 -0.98223955185805 0.173480862036511 2.24389655083027 0.274325946460578 -0.147858127829609 -0.950201688660482 2.23330436117558 0.95897623631962 0.115513794849011 0.258884417016238 0.329189840298735 0 0 0 1
0.0975037618105203 -0.989179633154618 0.109620571905516 2.32188600115932 0.295994198439043 -0.0763389784342662 -0.952134336562883 2.2197309045265 0.950200216229836 0.125283732877448 0.285348095057714 0.302232420152554 0 0 0 1
0.10583923138583 -0.990582735028022 0.0868556397942057 2.34349918017118 0.30675931760264 -0.0505603262981346 -0.950443251577173 2.21950726218613 0.94588412512507 0.127237960015989 0.298519217752141 0.300379628402476 0 0 0 1
0.114562083552441 -0.991533987989224 0.061121842857599 2.37165727046282 0.302667279322022 -0.023763881627072 -0.952799976888024 2.2204649467987 0.94618605307832 0.127654332445868 0.297382454707521 0.29858358213375 0 0 0 1
0.125596317318314 -0.991102045359103 0.0440715413966973 2.38880960170392 0.295759252667555 -0.00499750983179298 -0.955249438291911 2.22174526226226 0.946969920080679 0.133010377717246 0.292499931422058 0.297980121719575 0 0 0 1
0.14501910001631 -0.989293477562335 0.0163669142809683 2.41747330011073 0.278499722136282 0.02494072981532 -0.960112422983003 2.22485031195466 0.949424754996663 0.143792820574952 0.279134840803915 0.297388896162881 0 0 0 1
0.16024987818213 -0.98705287446896 -0.00682638595280227 2.43929564476342 0.277650097892388 0.0517113886094737 -0.959289505534397 2.22843648596281 0.947222465782437 0.151830679675236 0.282342070946567 0.297788333492316 0 0 0 1
0.179001642878173 -0.98246408881809 -0.0521797473140151 2.46846193125005 0.260924991729646 0.0985431074774462 -0.960316304484919 2.23493376104933 0.948618237510643 0.158283196049132 0.273988812382318 0.299304968196778 0 0 0 1
0.189861495240299 -0.978786356997801 -0.0770057139444225 2.49637488266508 0.260666863687014 0.125869730703302 -0.957188381181183 2.24130192943501 0.946575617053753 0.161660379337829 0.279034985175078 0.302829832794565 0 0 0 1
0.203507901888176 -0.973552415661812 -0.103827875968462 2.52831207718146 0.244420533052763 0.153207575719408 -0.957489447338395 2.25062777286071 0.948073381596212 0.169479003717958 0.269135152678896 0.30701245701942 0 0 0 1
0.224835660939345 -0.965211714397152 -0.133473862461828 2.55996311109036 0.225046094129969 0.184715949405713 -0.956678772395411 2.2601559470795 0.948052309256622 0.185057732682689 0.258747858904243 0.312126940476239 0 0 0 1
0.241628391656897 -0.956169073506753 -0.165397772701262 2.592787411517 0.198393841285136 0.215526397073819 -0.956131923901983 2.27123690003037 0.949871361861926 0.198214719518041 0.241775352095607 0.319023662976106 0 0 0 1
0.255596585436305 -0.947651438341648 -0.191382175038084 2.62033487964028 0.188428528601161 0.242991897233732 -0.951551169138031 2.28174737919164 0.948243151898553 0.207151368056689 0.240672465375122 0.325032099161595 0 0 0 1
0.268788437068755 -0.939058172549451 -0.214295414477821 2.64509003637149 0.171925508597505 0.265684806498228 -0.948605926130281 2.29184828825394 0.947731183190479 0.218131456154505 0.232861057809781 0.330036011865175 0 0 0 1
0.28927466974516 -0.92315814798029 -0.253178196654904 2.68064391848017 0.152292521126589 0.305500456734131 -0.93993428437532 2.30675543949042 0.945054047900297 0.233342033831965 0.228963625483232 0.336442658394818 0 0 0 1
0.304038364366113 -0.911386872401055 -0.277370946222925 2.70945416114546 0.135413322141977 0.329542352534388 -0.934379510730289 2.31890496404109 0.942986694063098 0.246527496845936 0.22360744200233 0.341420247135879 0 0 0 1
0.322383704197602 -0.897292637747881 -0.301553758907569 2.73599306539165 0.121764559015939 0.355224105312891 -0.926816717141156 2.33071999573394 0.9387449810441 0.262072045911248 0.223776905234668 0.346109586148766 0 0 0 1
0.331740144888526 -0.886560344865226 -0.322427094366759 2.76135728473617 0.109529573124289 0.375667484544562 -0.920259318707054 2.34248864403557 0.936990794448137 0.269971657713199 0.221728561874731 0.351798071657559 0 0 0 1
0.345214214590331 -0.875007585834848 -0.339394859678594 2.78858328888192 0.0949399960724902 0.392329280567627 -0.914912090178638 2.3552593369567 0.933709560404378 0.283618511985307 0.218510861214502 0.360851375561398 0 0 0 1
0.352716527276682 -0.865061676846669 -0.356734280154159 2.81158876712204 0.0805761239691025 0.407898945419308 -0.909464643937263 2.36729785319854 0.932254546586925 0.292038945308746 0.213576016422636 0.371827645445734 0 0 0 1
0.357991663460299 -0.855556642717992 -0.373985026430266 2.83365324226144 0.0665101262637959 0.422878165890991 -0.903742474334943 2.38000566280938 0.931352979271179 0.298658480398247 0.208290038381359 0.385175544238613 0 0 0 1
0.367439790036034 -0.8442258574207 -0.390218787810838 2.8547084544223 0.0466290675234783 0.435763221176329 -0.898852682663806 2.3926620195789 0.928877672656721 0.312078702785553 0.199482211005192 0.40027840965244 0 0 0 1
0.373550681806826 -0.833968733821131 -0.406147804537258 2.87571936364263 0.0286355888399654 0.448002228559917 -0.893573727376279 2.4065811120114 0.927167671553233 0.322164793567092 0.191232723696623 0.418377598616201 0 0 0 1
0.379095795665161 -0.825437476651068 -0.418257516189387 2.89213648991028 0.00783932939235454 0.45484420216099 -0.890536521808741 2.41948490922615 0.925324225676426 0.334319792863733 0.178900400994168 0.435110851191428 0 0 0 1
0.392049910233955 -0.813009580189679 -0.430479140499687 2.90957665982146 -0.00366538726060339 0.466556411763997 -0.884483849246628 2.43152666817989 0.919936646091337 0.348339686458067 0.179933404393176 0.450406423914525 0 0 0 1
0.394354667262966 -0.806985963617062 -0.4396112497798 2.92590447290512 -0.0161606625431832 0.472215942116806 -0.88133474741264 2.44507855681995 0.918816210889904 0.35466288012108 0.17317913289464 0.469978486052267 0 0 0 1
0.395946844971506 -0.802913170508506 -0.445596831879547 2.94022944942313 -0.0266576091415533 0.475000162172542 -0.879581842588235 2.45751454500033 0.917886413360589 0.360146201645995 0.16667107009915 0.490623662131391 0 0 0 1
0.404736955288001 -0.796154518265818 -0.449806602963009 2.95185022282025 -0.043480746115431 0.474584528875188 -0.879135342066033 2.47008730147201 0.913398829505186 0.37537648833836 0.157464504766364 0.512972055799455 0 0 0 1
0.407728464218712 -0.790124370673346 -0.457669070763909 2.96670858630038 -0.0658639720153237 0.474468931369131 -0.877804745006428 2.49365800141875 0.910724676648336 0.388049883434442 0.141413759267974 0.56022827865677 0 0 0 1
0.417290092626375 -0.795200383045315 -0.439915138862549 2.97194801879977 -0.0865553747288281 0.447097682172441 -0.890287498340611 2.53464991102698 0.904641998638922 0.409585172339789 0.117740566067781 0.636208311435907 0 0 0 1
0.397569530879761 -0.821426255273583 -0.408897756490869 2.95652516992117 -0.0875011283152641 0.409659019040483 -0.908032510795921 2.57771737790905 0.913390398821666 0.396785074399237 0.0909922198563674 0.702991482208689 0 0 0 1
0.392580041397798 -0.831195003421854 -0.393695030934667 2.94443871614795 -0.0859068581047914 0.393049450525356 -0.915495571355907 2.59730666157596 0.915696960149299 0.393226392461469 0.0828980183422531 0.725365620415341 0 0 0 1
0.377487041401702 -0.845363410994193 -0.377973857463784 2.93098953796392 -0.0848104878401231 0.374895449845766 -0.923179604864222 2.61386777432335 0.922122939052115 0.380544484964904 0.0698224909086301 0.743043977729836 0 0 0 1
0.359960964304599 -0.861590411166243 -0.357896727511285 2.91135953532176 -0.0760215099883459 0.355248634815235 -0.931675446430249 2.63349594116977 0.929864954816556 0.362574641761245 0.0623762371076467 0.762902016621874 0 0 0 1
0.353859124978437 -0.868721633656817 -0.346563764531329 2.89912491261317 -0.0721233636288009 0.344090075438221 -0.936162507476019 2.64442438277383 0.932513774744568 0.356264990142942 0.0591042867318965 0.773142307092386 0 0 0 1
0.342902757980771 -0.87889744671502 -0.331597612667824 2.88286760439286 -0.0648654738626817 0.330003256145167 -0.941748544588287 2.65715779411193 0.937128683196577 0.344437409541133 0.0561489273169418 0.784865832697615 0 0 0 1
0.33057042077161 -0.889679708694752 -0.314949540161122 2.86286411410523 -0.0559506738002417 0.314649384699737 -0.947557537466393 2.67150322957083 0.94212139292778 0.330856132850667 0.054235600327846 0.798522005523885 0 0 0 1
0.325025070864329 -0.895792984154498 -0.303172612300679 2.84706902700173 -0.0535576367297139 0.302628292629273 -0.951602698634372 2.68163785857315 0.944187631171668 0.325531943194322 0.0503852270270075 0.810225432944552 0 0 0 1
0.317936018595726 -0.901773807549272 -0.292780955831466 2.83249206372347 -0.056388435102815 0.290272599156545 -0.955281195546923 2.69033535680642 0.946433850021307 0.320227759878796 0.0414385006588545 0.821716979017234 0 0 0 1
0.300568924714667 -0.911607832072277 -0.280409489854305 2.8178396159669 -0.051316396521806 0.278121181300002 -0.959174246923002 2.69854949389062 0.952378574383047 0.302687576581488 0.0368141554207095 0.833023216830386 0 0 0 1
0.280426177604736 -0.921733004872955 -0.267898164685519 2.80416820263406 -0.0429611669801883 0.266764775701855 -0.962803662527537 2.70585601738237 0.958913706777465 0.281504568653178 0.035209100836158 0.842873138639285 0 0 0 1
0.261907007306606 -0.933372312869125 -0.245399358379434 2.78197796391848 -0.0324396254403967 0.245617519847487 -0.968823876999972 2.7167774520018 0.964547764615617 0.261702425501388 0.0340507013394149 0.856535577616366 0 0 0 1
0.225722322058696 -0.949186536694533 -0.219304245016527 2.75538908060275 -0.0260205908084348 0.219159468788819 -0.975342020059724 2.72765311253802 0.973844115954094 0.225862891591428 0.0247707897239587 0.869198323756866 0 0 0 1
0.203016178621679 -0.95755372281285 -0.204634550223322 2.7361626398723 -0.0137031407175894 0.206187762293035 -0.978416491385476 2.73503818725918 0.979079493786038 0.201438513218901 0.0287379581709311 0.877240301117891 0 0 0 1
0.168563056694094 -0.970172501216796 -0.174217719537047 2.70438181373829 -0.00470912923719141 0.175952165157884 -0.984387454043417 2.74521581926507 0.985679623417148 0.166751771981584 0.025090367100358 0.888378465578943 0 0 0 1
0.144339540802437 -0.980233170939296 -0.135310855260157 2.66858030892491 0.0100550011819733 0.138188651885699 -0.990354882575556 2.75437758156937 0.989477131576153 0.141586818172833 0.0298023322496936 0.89855835736289 0 0 0 1
0.125680648750134 -0.986736233610734 -0.102742298054152 2.6355250872988 0.0233278704905087 0.10647424749044 -0.994041772301206 2.76222726112675 0.991796443322985 0.122535055804644 0.0364002075657444 0.905915777559834 0 0 0 1
