 8.97675e-06 -5.53054e-08 -1.67265e-08  1.50179e-09  2.93221e-09 -1.15218e-08 -5.53054e-08  8.82094e-06  1.47821e-08  1.12097e-10 -3.02038e-09 -3.83994e-08 -1.67265e-08  1.47821e-08    7.912e-06  7.26166e-08  2.10813e-07  1.76701e-09  1.50179e-09  1.12097e-10  7.26166e-08  9.91225e-07 -1.31622e-08  1.14633e-10  2.93221e-09 -3.02038e-09  2.10813e-07 -1.31622e-08  9.58455e-07 -4.37845e-10 -1.15218e-08 -3.83994e-08  1.76701e-09  1.14633e-10 -4.37845e-10  9.91679e-07
  0.00077062  -6.4745e-05 -6.47067e-05  9.46711e-06 -4.65908e-05  4.65203e-05  -6.4745e-05  0.000633275  7.59779e-05  2.01608e-05  3.50092e-05 -0.000221098 -6.47067e-05  7.59779e-05  0.000359868 -1.56848e-05  0.000184253 -3.33559e-05  9.46711e-06  2.01608e-05 -1.56848e-05  3.51163e-05 -1.68139e-05 -5.96119e-06 -4.65908e-05  3.50092e-05  0.000184253 -1.68139e-05   0.00011105 -1.68108e-05  4.65203e-05 -0.000221098 -3.33559e-05 -5.96119e-06 -1.68108e-05  0.000118322
  0.00185189  1.34295e-05 -0.000133918  2.34674e-05 -0.000155586  0.000155177  1.34295e-05   0.00157968  0.000239864   6.9029e-05  0.000102702 -0.000607853 -0.000133918  0.000239864   0.00116038 -0.000106105   0.00054014 -0.000106358  2.34674e-05   6.9029e-05 -0.000106105  6.09187e-05 -4.67623e-05 -2.07205e-05 -0.000155586  0.000102702   0.00054014 -4.67623e-05  0.000273629 -5.42453e-05  0.000155177 -0.000607853 -0.000106358 -2.07205e-05 -5.42453e-05  0.000298734
  0.00249688  0.000126381 -0.000165814  3.11376e-05 -0.000236864  0.000224102  0.000126381   0.00216811  0.000371431  0.000106036  0.000151397 -0.000853052 -0.000165814  0.000371431   0.00179318 -0.000174897  0.000794949 -0.000164038  3.11376e-05  0.000106036 -0.000174897  6.80478e-05 -6.77096e-05 -3.31125e-05 -0.000236864  0.000151397  0.000794949 -6.77096e-05  0.000375439 -8.39754e-05  0.000224102 -0.000853052 -0.000164038 -3.31125e-05 -8.39754e-05  0.000406147
  0.00323524  0.000237549 -0.000214679  3.88699e-05 -0.000337139  0.000274807  0.000237549   0.00283747  0.000561056  0.000152743  0.000222399   -0.0011309 -0.000214679  0.000561056   0.00258893  -0.00023342   0.00111888 -0.000248818  3.88699e-05  0.000152743  -0.00023342  7.34261e-05 -9.15487e-05 -5.09239e-05 -0.000337139  0.000222399   0.00111888 -9.15487e-05  0.000512034 -0.000125325  0.000274807   -0.0011309 -0.000248818 -5.09239e-05 -0.000125325  0.000524605
  0.00362758  0.000263616 -0.000259353  4.33229e-05 -0.000401474  0.000276358  0.000263616   0.00319773  0.000703685  0.000182638   0.00027935  -0.00128533 -0.000259353  0.000703685   0.00309562 -0.000247474   0.00133535 -0.000314799  4.33229e-05  0.000182638 -0.000247474   7.5238e-05 -9.96379e-05 -6.30378e-05 -0.000401474   0.00027935   0.00133535 -9.96379e-05  0.000608744 -0.000154781  0.000276358  -0.00128533 -0.000314799 -6.30378e-05 -0.000154781  0.000588342
  0.00380515  0.000215017 -0.000358433  4.79696e-05  -0.00048192  0.000236365  0.000215017   0.00345212  0.000915928  0.000212776  0.000371011  -0.00140971 -0.000358433  0.000915928   0.00370267 -0.000224103   0.00160519 -0.000415731  4.79696e-05  0.000212776 -0.000224103  7.57233e-05 -9.24751e-05 -7.45953e-05  -0.00048192  0.000371011   0.00160519 -9.24751e-05  0.000732764 -0.000195864  0.000236365  -0.00140971 -0.000415731 -7.45953e-05 -0.000195864  0.000637072
  0.00360241  0.000152289 -0.000429954  4.57656e-05   -0.0005101  0.000187842  0.000152289   0.00340542   0.00102356  0.000217926   0.00042211  -0.00140558 -0.000429954   0.00102356   0.00391175 -0.000172792    0.0017062 -0.000465309  4.57656e-05  0.000217926 -0.000172792  7.45693e-05 -7.16198e-05 -7.65575e-05   -0.0005101   0.00042211    0.0017062 -7.16198e-05  0.000782608 -0.000213976  0.000187842  -0.00140558 -0.000465309 -7.65575e-05 -0.000213976  0.000635682
  0.00242241 -4.15362e-06 -0.000628852  3.04215e-05 -0.000509055   8.9882e-05 -4.15362e-06   0.00283921   0.00118765  0.000173339  0.000512916   -0.0012076 -0.000628852   0.00118765   0.00390241 -2.37619e-05   0.00174922 -0.000537715  3.04215e-05  0.000173339 -2.37619e-05   7.5184e-05 -9.46073e-06 -5.98696e-05 -0.000509055  0.000512916   0.00174922 -9.46073e-06  0.000819034 -0.000240498   8.9882e-05   -0.0012076 -0.000537715 -5.98696e-05 -0.000240498  0.000575274
 0.000365301 -0.000147294 -0.000656977 -5.73356e-06 -0.000321786  5.08282e-05 -0.000147294   0.00123114   0.00105831  1.13013e-05  0.000502004 -0.000634355 -0.000656977   0.00105831   0.00257542  9.37572e-05   0.00125818 -0.000492321 -5.73356e-06  1.13013e-05  9.37572e-05  4.57692e-05  4.19219e-05 -2.97152e-06 -0.000321786  0.000502004   0.00125818  4.19219e-05  0.000623405 -0.000232872  5.08282e-05 -0.000634355 -0.000492321 -2.97152e-06 -0.000232872  0.000365591
 0.000242313 -0.000139563 -0.000509915 -5.02932e-06 -0.000255817  5.27109e-05 -0.000139563  0.000984689  0.000917787 -5.65247e-06  0.000449922 -0.000522305 -0.000509915  0.000917787   0.00207664  6.38411e-05   0.00103786 -0.000440381 -5.02932e-06 -5.65247e-06  6.38411e-05  3.31689e-05  2.89554e-05  5.35372e-06 -0.000255817  0.000449922   0.00103786  2.89554e-05  0.000525465 -0.000215324  5.27109e-05 -0.000522305 -0.000440381  5.35372e-06 -0.000215324  0.000305801
  0.00019568 -0.000120274 -0.000381291  4.03307e-06 -0.000197738  5.23399e-05 -0.000120274  0.000851958  0.000774547 -1.83519e-05  0.000392257 -0.000449327 -0.000381291  0.000774547   0.00160599  1.70422e-05  0.000828766 -0.000384805  4.03307e-06 -1.83519e-05  1.70422e-05  2.34918e-05  7.23159e-06  1.13966e-05 -0.000197738  0.000392257  0.000828766  7.23159e-06  0.000434064 -0.000194692  5.23399e-05 -0.000449327 -0.000384805  1.13966e-05 -0.000194692  0.000262012
 0.000164776 -9.66625e-05 -0.000283349  1.23827e-05 -0.000154366  4.86413e-05 -9.66625e-05  0.000781965  0.000656043  -2.7186e-05  0.000344683   -0.0004114 -0.000283349  0.000656043   0.00123168 -2.10191e-05  0.000665799 -0.000336911  1.23827e-05  -2.7186e-05 -2.10191e-05  1.74352e-05 -1.03623e-05  1.56581e-05 -0.000154366  0.000344683  0.000665799 -1.03623e-05  0.000364816 -0.000176836  4.86413e-05   -0.0004114 -0.000336911  1.56581e-05 -0.000176836  0.000237047
 0.000147379  -7.2901e-05 -0.000221802  1.45075e-05 -0.000124762  3.92833e-05  -7.2901e-05  0.000743969  0.000577519 -2.86759e-05  0.000310908 -0.000396001 -0.000221802  0.000577519   0.00101844 -3.08891e-05  0.000565277 -0.000305237  1.45075e-05 -2.86759e-05 -3.08891e-05  1.59751e-05 -1.62387e-05  1.65296e-05 -0.000124762  0.000310908  0.000565277 -1.62387e-05  0.000318783 -0.000164303  3.92833e-05 -0.000396001 -0.000305237  1.65296e-05 -0.000164303  0.000230386
 0.000140839 -5.40927e-05 -0.000188421  1.41272e-05 -0.000108634  2.96848e-05 -5.40927e-05  0.000733438  0.000532997 -2.67797e-05  0.000292123 -0.000398923 -0.000188421  0.000532997  0.000911774   -2.835e-05  0.000515723 -0.000288627  1.41272e-05 -2.67797e-05   -2.835e-05   1.6592e-05 -1.55471e-05  1.58363e-05 -0.000108634  0.000292123  0.000515723 -1.55471e-05  0.000296913 -0.000158249  2.96848e-05 -0.000398923 -0.000288627  1.58363e-05 -0.000158249  0.000237308
 0.000140341 -3.57689e-05 -0.000168282  1.27896e-05 -9.96905e-05  1.90218e-05 -3.57689e-05  0.000750506  0.000514344 -2.23383e-05  0.000287101 -0.000418126 -0.000168282  0.000514344  0.000868369 -1.97146e-05  0.000501195 -0.000283892  1.27896e-05 -2.23383e-05 -1.97146e-05  1.76866e-05 -1.11938e-05  1.37362e-05 -9.96905e-05  0.000287101  0.000501195 -1.11938e-05  0.000294705 -0.000158507  1.90218e-05 -0.000418126 -0.000283892  1.37362e-05 -0.000158507  0.000254455
 0.000146361 -1.81445e-05 -0.000156578  1.14894e-05 -9.53429e-05   7.9369e-06 -1.81445e-05  0.000792972  0.000515953 -1.74862e-05  0.000293091 -0.000450672 -0.000156578  0.000515953  0.000868938 -9.95205e-06  0.000511217 -0.000289228  1.14894e-05 -1.74862e-05 -9.95205e-06  1.93004e-05 -6.01033e-06  1.12863e-05 -9.53429e-05  0.000293091  0.000511217 -6.01033e-06  0.000306793 -0.000164329   7.9369e-06 -0.000450672 -0.000289228  1.12863e-05 -0.000164329  0.000280086
  0.00015304 -1.91901e-08 -0.000151048  1.14796e-05 -9.50422e-05 -3.98011e-06 -1.91901e-08  0.000868688  0.000533766 -1.53897e-05  0.000309986 -0.000508827 -0.000151048  0.000533766  0.000900473 -3.31956e-06  0.000543289 -0.000305791  1.14796e-05 -1.53897e-05 -3.31956e-06  2.16646e-05 -2.47691e-06  1.04377e-05 -9.50422e-05  0.000309986  0.000543289 -2.47691e-06  0.000334221 -0.000177516 -3.98011e-06 -0.000508827 -0.000305791  1.04377e-05 -0.000177516  0.000323791
 0.000162649  1.30157e-05 -0.000149232  1.32166e-05 -9.62897e-05 -1.26123e-05  1.30157e-05   0.00094393  0.000551917 -1.77716e-05  0.000326677 -0.000567215 -0.000149232  0.000551917  0.000932708 -2.76566e-06  0.000575025 -0.000322784  1.32166e-05 -1.77716e-05 -2.76566e-06  2.49024e-05 -2.36339e-06  1.21794e-05 -9.62897e-05  0.000326677  0.000575025 -2.36339e-06  0.000361309 -0.000190891 -1.26123e-05 -0.000567215 -0.000322784  1.21794e-05 -0.000190891  0.000368153
 0.000203794  2.63698e-05 -0.000145786  1.72691e-05 -9.65512e-05 -2.08607e-05  2.63698e-05   0.00105928  0.000569774 -2.59514e-05  0.000345075 -0.000645938 -0.000145786  0.000569774  0.000964227 -7.91695e-06  0.000609555  -0.00034259  1.72691e-05 -2.59514e-05 -7.91695e-06  3.31219e-05 -5.89691e-06  1.76374e-05 -9.65512e-05  0.000345075  0.000609555 -5.89691e-06  0.000394014 -0.000207664 -2.08607e-05 -0.000645938  -0.00034259  1.76374e-05 -0.000207664  0.000431711
 0.000211683  4.24283e-05 -0.000125591  2.11482e-05  -8.6868e-05 -3.13484e-05  4.24283e-05   0.00121463  0.000565627 -5.16501e-05  0.000359998 -0.000786599 -0.000125591  0.000565627  0.000922815 -2.79917e-05  0.000615608 -0.000362479  2.11482e-05 -5.16501e-05 -2.79917e-05  3.94972e-05 -1.90594e-05  3.52819e-05  -8.6868e-05  0.000359998  0.000615608 -1.90594e-05  0.000420391 -0.000230955 -3.13484e-05 -0.000786599 -0.000362479  3.52819e-05 -0.000230955  0.000551597
 0.000164063  5.45391e-05 -0.000107148  1.85837e-05 -7.63171e-05 -4.12956e-05  5.45391e-05   0.00122983  0.000536678 -6.44057e-05  0.000350747 -0.000835143 -0.000107148  0.000536678  0.000848172 -3.49033e-05   0.00058326 -0.000355097  1.85837e-05 -6.44057e-05 -3.49033e-05  3.46733e-05 -2.39634e-05   4.4814e-05 -7.63171e-05  0.000350747   0.00058326 -2.39634e-05  0.000408894 -0.000231808 -4.12956e-05 -0.000835143 -0.000355097   4.4814e-05 -0.000231808  0.000597836
 0.000151674    6.174e-05 -9.63905e-05  1.73841e-05 -6.95768e-05 -4.69638e-05    6.174e-05   0.00123877  0.000509748 -7.25474e-05   0.00033768 -0.000858324 -9.63905e-05  0.000509748  0.000798221 -3.86601e-05  0.000558602 -0.000342998  1.73841e-05 -7.25474e-05 -3.86601e-05  3.39384e-05 -2.67666e-05  5.10775e-05 -6.95768e-05   0.00033768  0.000558602 -2.67666e-05  0.000397832  -0.00022686 -4.69638e-05 -0.000858324 -0.000342998  5.10775e-05  -0.00022686  0.000622808
 0.000154047  6.40198e-05 -8.89198e-05  1.76394e-05   -6.451e-05 -4.85067e-05  6.40198e-05   0.00125064  0.000475422 -8.20922e-05  0.000318099 -0.000877262 -8.89198e-05  0.000475422  0.000751068 -4.44138e-05  0.000532635  -0.00032484  1.76394e-05 -8.20922e-05 -4.44138e-05  3.58666e-05 -3.09363e-05  5.84617e-05   -6.451e-05  0.000318099  0.000532635 -3.09363e-05  0.000385502 -0.000217044 -4.85067e-05 -0.000877262  -0.00032484  5.84617e-05 -0.000217044  0.000645599
 0.000164588  6.23682e-05 -8.25931e-05  1.97574e-05 -5.97048e-05 -4.65786e-05  6.23682e-05   0.00125875  0.000419325 -9.45161e-05  0.000282624 -0.000895175 -8.25931e-05  0.000419325  0.000690745 -5.25324e-05  0.000498194 -0.000291577  1.97574e-05 -9.45161e-05 -5.25324e-05   4.0674e-05 -3.67797e-05  6.82879e-05 -5.97048e-05  0.000282624  0.000498194 -3.67797e-05  0.000368132 -0.000196295 -4.65786e-05 -0.000895175 -0.000291577  6.82879e-05 -0.000196295  0.000670704
 0.000171664  6.05027e-05 -7.76411e-05  2.23363e-05 -5.56645e-05 -4.44806e-05  6.05027e-05   0.00124983  0.000355231 -0.000103255  0.000239415  -0.00090204 -7.76411e-05  0.000355231  0.000634323 -5.78858e-05  0.000465332 -0.000250211  2.23363e-05 -0.000103255 -5.78858e-05  4.53593e-05 -4.06947e-05   7.5593e-05 -5.56645e-05  0.000239415  0.000465332 -4.06947e-05  0.000350561  -0.00016832 -4.44806e-05  -0.00090204 -0.000250211   7.5593e-05  -0.00016832  0.000686761
 0.000176652  6.24483e-05 -7.18314e-05  2.40515e-05 -5.08649e-05 -4.55258e-05  6.24483e-05    0.0012241  0.000284229 -0.000106241  0.000189668 -0.000895609 -7.18314e-05  0.000284229  0.000580844 -5.89058e-05  0.000433088 -0.000201395  2.40515e-05 -0.000106241 -5.89058e-05  4.86861e-05 -4.15541e-05  7.86496e-05 -5.08649e-05  0.000189668  0.000433088 -4.15541e-05  0.000332505 -0.000133876 -4.55258e-05 -0.000895609 -0.000201395  7.86496e-05 -0.000133876  0.000692155
  0.00018105  6.99296e-05 -6.48512e-05  2.42592e-05  -4.5017e-05 -5.10494e-05  6.99296e-05   0.00118271  0.000211617 -0.000102439   0.00013751 -0.000875137 -6.48512e-05  0.000211617  0.000531791 -5.59155e-05  0.000402511 -0.000149146  2.42592e-05 -0.000102439 -5.59155e-05  4.99605e-05 -3.95443e-05  7.63817e-05  -4.5017e-05   0.00013751  0.000402511 -3.95443e-05  0.000314603 -9.60612e-05 -5.10494e-05 -0.000875137 -0.000149146  7.63817e-05 -9.60612e-05  0.000685492
 0.000184897  8.85105e-05 -5.62325e-05  2.17104e-05 -3.78455e-05 -6.57155e-05  8.85105e-05   0.00112557  0.000138485 -9.09092e-05  8.44533e-05 -0.000840585 -5.62325e-05  0.000138485  0.000485862 -4.84356e-05  0.000373019 -9.48633e-05  2.17104e-05 -9.09092e-05 -4.84356e-05  4.83284e-05 -3.43254e-05  6.78842e-05 -3.78455e-05  8.44533e-05  0.000373019 -3.43254e-05  0.000296639 -5.64245e-05 -6.57155e-05 -0.000840585 -9.48633e-05  6.78842e-05 -5.64245e-05  0.000666629
 0.000184039  0.000113641 -4.86553e-05  1.63347e-05 -3.15529e-05 -8.55036e-05  0.000113641   0.00105988  6.91964e-05  -7.2467e-05  3.42653e-05 -0.000796689 -4.86553e-05  6.91964e-05  0.000444761 -4.07113e-05   0.00034576 -4.35102e-05  1.63347e-05  -7.2467e-05 -4.07113e-05  4.37739e-05 -2.90132e-05  5.40199e-05 -3.15529e-05  3.42653e-05   0.00034576 -2.90132e-05  0.000279285 -1.91127e-05 -8.55036e-05 -0.000796689 -4.35102e-05  5.40199e-05 -1.91127e-05  0.000638173
 0.000173413  0.000141416 -4.27093e-05   8.3062e-06 -2.83986e-05 -0.000108254  0.000141416  0.000991931 -1.41828e-07 -4.76564e-05 -1.17476e-05  -0.00074947 -4.27093e-05 -1.41828e-07   0.00040605 -3.40844e-05  0.000320445  6.02463e-06   8.3062e-06 -4.76564e-05 -3.40844e-05  3.67214e-05 -2.59194e-05  3.58434e-05 -2.83986e-05 -1.17476e-05  0.000320445 -2.59194e-05  0.000262922  1.34049e-05 -0.000108254  -0.00074947  6.02463e-06  3.58434e-05  1.34049e-05  0.000603847
 0.000159728  0.000165598 -4.03932e-05  1.16881e-06 -3.02995e-05 -0.000129989  0.000165598  0.000933206 -6.37418e-05 -2.29951e-05 -4.82161e-05 -0.000708797 -4.03932e-05 -6.37418e-05  0.000373419  -2.8769e-05  0.000300353  4.99594e-05  1.16881e-06 -2.29951e-05  -2.8769e-05  2.99995e-05 -2.54664e-05  1.82921e-05 -3.02995e-05 -4.82161e-05  0.000300353 -2.54664e-05  0.000249486  3.76023e-05 -0.000129989 -0.000708797  4.99594e-05  1.82921e-05  3.76023e-05  0.000571431
 0.000155512  0.000175197 -4.69794e-05  -6.6879e-07 -3.53294e-05 -0.000137548  0.000175197  0.000896272 -9.95367e-05 -7.59408e-06 -7.40073e-05 -0.000679971 -4.69794e-05 -9.95367e-05  0.000358808    -3.27e-05  0.000288324  7.52401e-05  -6.6879e-07 -7.59408e-06    -3.27e-05  2.80415e-05 -2.86407e-05  6.78808e-06 -3.53294e-05 -7.40073e-05  0.000288324 -2.86407e-05  0.000239525  5.55675e-05 -0.000137548 -0.000679971  7.52401e-05  6.78808e-06  5.55675e-05  0.000547482
 0.000158596  0.000167557 -5.42474e-05  4.78195e-07 -4.04333e-05 -0.000128975  0.000167557  0.000884218 -0.000118651 -1.66794e-06 -8.92134e-05 -0.000668129 -5.42474e-05 -0.000118651  0.000354664 -4.34851e-05  0.000283703  8.90363e-05  4.78195e-07 -1.66794e-06 -4.34851e-05  3.18174e-05  -3.6446e-05  2.04241e-06 -4.04333e-05 -8.92134e-05  0.000283703  -3.6446e-05  0.000234736  6.66452e-05 -0.000128975 -0.000668129  8.90363e-05  2.04241e-06  6.66452e-05   0.00053687
 0.000176257  0.000148669 -6.04834e-05  2.69407e-06 -4.41855e-05 -0.000109873  0.000148669  0.000902942 -0.000130306 -7.97467e-07 -9.72676e-05 -0.000672094 -6.04834e-05 -0.000130306   0.00036206  -5.9949e-05  0.000286388  9.64563e-05  2.69407e-06 -7.97467e-07  -5.9949e-05  4.11129e-05 -4.84925e-05  1.37855e-06 -4.41855e-05 -9.72676e-05  0.000286388 -4.84925e-05  0.000235661  7.17985e-05 -0.000109873 -0.000672094  9.64563e-05  1.37855e-06  7.17985e-05  0.000540115
 0.000169133   0.00011291  -7.7163e-05  1.01405e-05  -5.6036e-05  -7.4701e-05   0.00011291  0.000971371 -0.000138879 -5.47624e-06 -0.000100577 -0.000724238  -7.7163e-05 -0.000138879  0.000426044 -0.000102736  0.000333465  9.74617e-05  1.01405e-05 -5.47624e-06 -0.000102736  5.95345e-05 -7.95022e-05  5.91571e-06  -5.6036e-05 -0.000100577  0.000333465 -7.95022e-05  0.000270358  7.01705e-05  -7.4701e-05 -0.000724238  9.74617e-05  5.91571e-06  7.01705e-05  0.000580791
 0.000155504  9.11306e-05 -9.05453e-05  1.60869e-05 -6.66965e-05  -5.6805e-05  9.11306e-05   0.00102946 -0.000136766 -9.34199e-06 -0.000100197 -0.000774305 -9.05453e-05 -0.000136766  0.000524338 -0.000130769  0.000408952  9.40969e-05  1.60869e-05 -9.34199e-06 -0.000130769  7.03925e-05 -9.93206e-05  9.54131e-06 -6.66965e-05 -0.000100197  0.000408952 -9.93206e-05  0.000327233  6.86607e-05  -5.6805e-05 -0.000774305  9.40969e-05  9.54131e-06  6.86607e-05  0.000617608
 0.000190168  4.31737e-05 -0.000111461  2.52191e-05 -8.08566e-05 -1.81752e-05  4.31737e-05   0.00113892 -0.000124628 -1.56255e-05 -9.99464e-05 -0.000837972 -0.000111461 -0.000124628  0.000752763 -0.000174745   0.00055983  8.66468e-05  2.52191e-05 -1.56255e-05 -0.000174745  9.47661e-05 -0.000126191  1.44774e-05 -8.08566e-05 -9.99464e-05   0.00055983 -0.000126191  0.000427596  6.99302e-05 -1.81752e-05 -0.000837972  8.66468e-05  1.44774e-05  6.99302e-05   0.00066466
  0.00033895 -6.34052e-05 -0.000233739  4.85072e-05 -0.000147607  6.20851e-05 -6.34052e-05   0.00136315 -0.000150534 -4.61558e-05 -0.000112492  -0.00095361 -0.000233739 -0.000150534    0.0016384 -0.000273721   0.00112049  0.000110427  4.85072e-05 -4.61558e-05 -0.000273721  0.000156709 -0.000182475  3.44968e-05 -0.000147607 -0.000112492   0.00112049 -0.000182475   0.00078488  8.30412e-05  6.20851e-05  -0.00095361  0.000110427  3.44968e-05  8.30412e-05  0.000753841
  0.00039095 -0.000264292 -0.000545238  0.000137545 -0.000324119    0.0002331 -0.000264292   0.00145986 -0.000397906 -5.81148e-05 -0.000297412  -0.00102621 -0.000545238 -0.000397906   0.00404058 -0.000669164   0.00259454  0.000228068  0.000137545 -5.81148e-05 -0.000669164  0.000231389 -0.000400134  5.35394e-05 -0.000324119 -0.000297412   0.00259454 -0.000400134   0.00168853  0.000178807    0.0002331  -0.00102621  0.000228068  5.35394e-05  0.000178807  0.000796314
 0.000439558  -0.00024918 -0.000823856  0.000190696 -0.000482355  0.000249402  -0.00024918   0.00146011 -0.000623556 -2.74124e-05 -0.000437682  -0.00104128 -0.000823856 -0.000623556    0.0051303 -0.000879802   0.00321598  0.000284817  0.000190696 -2.74124e-05 -0.000879802  0.000258662  -0.00051828  4.46152e-05 -0.000482355 -0.000437682   0.00321598  -0.00051828   0.00203964  0.000214329  0.000249402  -0.00104128  0.000284817  4.46152e-05  0.000214329  0.000811281
 0.000688806 -0.000145085  -0.00141581  0.000265899 -0.000781211  0.000247276 -0.000145085   0.00156892 -0.000961751  3.12286e-05 -0.000590902  -0.00107954  -0.00141581 -0.000961751   0.00652453  -0.00110644    0.0039001  0.000318753  0.000265899  3.12286e-05  -0.00110644  0.000291295 -0.000635401  2.23537e-05 -0.000781211 -0.000590902    0.0039001 -0.000635401   0.00237142  0.000208771  0.000247276  -0.00107954  0.000318753  2.23537e-05  0.000208771  0.000849797
  0.00113251 -6.82945e-05  -0.00221401  0.000355909   -0.0012148  0.000277865 -6.82945e-05   0.00191361  -0.00125646  0.000141561 -0.000693797  -0.00122755  -0.00221401  -0.00125646   0.00809854  -0.00133595   0.00463024  0.000292064  0.000355909  0.000141561  -0.00133595  0.000319947 -0.000741236 -1.76877e-05   -0.0012148 -0.000693797   0.00463024 -0.000741236   0.00268193  0.000157126  0.000277865  -0.00122755  0.000292064 -1.76877e-05  0.000157126  0.000909291
   0.0020432  -9.1945e-05  -0.00284563  0.000438848  -0.00167805  0.000384352  -9.1945e-05   0.00275076  -0.00130991   0.00031676 -0.000694567  -0.00155685  -0.00284563  -0.00130991   0.00978372  -0.00158041   0.00535147  0.000202345  0.000438848   0.00031676  -0.00158041  0.000369824  -0.00083869 -7.27931e-05  -0.00167805 -0.000694567   0.00535147  -0.00083869   0.00295995  8.59839e-05  0.000384352  -0.00155685  0.000202345 -7.27931e-05  8.59839e-05   0.00100164
   0.0036941 -5.83924e-05  -0.00322879  0.000484395  -0.00208642  0.000550988 -5.83924e-05   0.00406729  -0.00112661  0.000504257 -0.000614586  -0.00200534  -0.00322879  -0.00112661    0.0112189  -0.00176212   0.00597407  8.08981e-05  0.000484395  0.000504257  -0.00176212  0.000463155 -0.000895348 -0.000125165  -0.00208642 -0.000614586   0.00597407 -0.000895348    0.0032614  1.35545e-05  0.000550988  -0.00200534  8.08981e-05 -0.000125165  1.35545e-05   0.00117207
  0.00603356 -8.30288e-06  -0.00337876  0.000493598  -0.00238846  0.000751264 -8.30288e-06    0.0059598 -0.000825096  0.000648464 -0.000488579  -0.00247566  -0.00337876 -0.000825096    0.0126321  -0.00186814   0.00648035 -4.64998e-05  0.000493598  0.000648464  -0.00186814  0.000635586 -0.000905725 -0.000153611  -0.00238846 -0.000488579   0.00648035 -0.000905725   0.00357877 -5.81653e-05  0.000751264  -0.00247566 -4.64998e-05 -0.000153611 -5.81653e-05   0.00144304
   0.0148444 -0.000741556   -0.0032526  0.000336607  -0.00244811   0.00114532 -0.000741556    0.0139759  0.000252936  0.000574785  5.55022e-05  -0.00358559   -0.0032526  0.000252936    0.0176152  -0.00144267   0.00714204  -0.00036584  0.000336607  0.000574785  -0.00144267   0.00148447 -0.000589785 -0.000100899  -0.00244811  5.55022e-05   0.00714204 -0.000589785   0.00460719 -0.000222877   0.00114532  -0.00358559  -0.00036584 -0.000100899 -0.000222877   0.00266568
   0.0173145  -0.00138305  -0.00318845     0.000252  -0.00224623   0.00109314  -0.00138305    0.0162567  0.000613072  0.000409523   0.00025319   -0.0038663  -0.00318845  0.000613072    0.0188321  -0.00100826   0.00720671 -0.000442542     0.000252  0.000409523  -0.00100826   0.00174625 -0.000366952 -5.22084e-05  -0.00224623   0.00025319   0.00720671 -0.000366952   0.00493121 -0.000259407   0.00109314   -0.0038663 -0.000442542 -5.22084e-05 -0.000259407    0.0030655
   0.0191073  -0.00216802    -0.003145   0.00016412  -0.00197046   0.00096665  -0.00216802    0.0177572  0.000976977  0.000199422  0.000445363  -0.00412372    -0.003145  0.000976977    0.0194811 -0.000476932   0.00728413 -0.000507048   0.00016412  0.000199422 -0.000476932   0.00193752  -0.00010224  6.73874e-06  -0.00197046  0.000445363   0.00728413  -0.00010224   0.00521491 -0.000292396   0.00096665  -0.00412372 -0.000507048  6.73874e-06 -0.000292396   0.00339342
    0.020051  -0.00299056  -0.00313412  8.12115e-05   -0.0016586  0.000780221  -0.00299056    0.0182749   0.00134143 -2.63883e-05  0.000623209  -0.00435798  -0.00313412   0.00134143    0.0194592  0.000112271   0.00740673 -0.000561752  8.12115e-05 -2.63883e-05  0.000112271   0.00203375  0.000185655  7.25551e-05   -0.0016586  0.000623209   0.00740673  0.000185655   0.00544193 -0.000324629  0.000780221  -0.00435798 -0.000561752  7.25551e-05 -0.000324629   0.00361781
   0.0200587  -0.00372067  -0.00315632  9.05565e-06  -0.00134628  0.000558372  -0.00372067    0.0177567     0.001692 -0.000240046  0.000779368  -0.00455199  -0.00315632     0.001692    0.0187816   0.00070837   0.00757952 -0.000608454  9.05565e-06 -0.000240046   0.00070837   0.00202339   0.00047419  0.000141259  -0.00134628  0.000779368   0.00757952   0.00047419   0.00559985  -0.00035753  0.000558372  -0.00455199 -0.000608454  0.000141259  -0.00035753    0.0037186
    0.018837  -0.00429191   -0.0032053 -5.99221e-05  -0.00101291  0.000285147  -0.00429191     0.015914   0.00205735 -0.000448088  0.000930306  -0.00468607   -0.0032053   0.00205735    0.0172922   0.00135544   0.00782033 -0.000654698 -5.99221e-05 -0.000448088   0.00135544   0.00187445  0.000788611  0.000220591  -0.00101291  0.000930306   0.00782033  0.000788611   0.00568766 -0.000397066  0.000285147  -0.00468607 -0.000654698  0.000220591 -0.000397066   0.00366683
   0.0164763   -0.0043575   -0.0032244 -0.000109637 -0.000768331  5.19384e-05   -0.0043575    0.0132002   0.00229784 -0.000573573   0.00103112  -0.00464565   -0.0032244   0.00229784     0.015484   0.00183138   0.00801634 -0.000687166 -0.000109637 -0.000573573   0.00183138   0.00160981   0.00102676  0.000284718 -0.000768331   0.00103112   0.00801634   0.00102676   0.00565939 -0.000431299  5.19384e-05  -0.00464565 -0.000687166  0.000284718 -0.000431299   0.00344139
   0.0138136  -0.00396317  -0.00315878 -0.000140025 -0.000643601 -8.85212e-05  -0.00396317    0.0106468   0.00235995 -0.000608976   0.00107137  -0.00443108  -0.00315878   0.00235995    0.0140392   0.00205049   0.00807486 -0.000700225 -0.000140025 -0.000608976   0.00205049   0.00133065   0.00114781  0.000318639 -0.000643601   0.00107137   0.00807486   0.00114781   0.00554584 -0.000450612 -8.85212e-05  -0.00443108 -0.000700225  0.000318639 -0.000450612   0.00313849
   0.0114824  -0.00338479  -0.00302207   -0.0001574 -0.000599841 -0.000152221  -0.00338479   0.00874431   0.00229799 -0.000593137   0.00106847  -0.00413449  -0.00302207   0.00229799    0.0131281   0.00208469   0.00801199 -0.000698232   -0.0001574 -0.000593137   0.00208469   0.00110155   0.00118091  0.000327058 -0.000599841   0.00106847   0.00801199   0.00118091   0.00540062 -0.000455595 -0.000152221  -0.00413449 -0.000698232  0.000327058 -0.000455595   0.00284909
  0.00966911  -0.00282462  -0.00286033 -0.000166659 -0.000594867 -0.000172858  -0.00282462   0.00745913   0.00218388 -0.000559167   0.00104322   -0.0038379  -0.00286033   0.00218388    0.0126006   0.00202925   0.00788832 -0.000688371 -0.000166659 -0.000559167   0.00202925  0.000933474   0.00116735  0.000321008 -0.000594867   0.00104322   0.00788832   0.00116735   0.00525838 -0.000451714 -0.000172858   -0.0038379 -0.000688371  0.000321008 -0.000451714   0.00261019
  0.00788514  -0.00220193  -0.00265229 -0.000171867 -0.000609107 -0.000172397  -0.00220193   0.00634547   0.00201624 -0.000510242  0.000996074  -0.00348937  -0.00265229   0.00201624    0.0121911   0.00190925   0.00769726 -0.000670852 -0.000171867 -0.000510242   0.00190925  0.000777205   0.00112022  0.000303611 -0.000609107  0.000996074   0.00769726   0.00112022   0.00508868 -0.000440299 -0.000172397  -0.00348937 -0.000670852  0.000303611 -0.000440299   0.00236225
  0.00416249 -0.000866484  -0.00209528 -0.000153122 -0.000682034 -0.000110374 -0.000866484   0.00423117   0.00147255    -0.000375  0.000796649  -0.00260174  -0.00209528   0.00147255    0.0111588   0.00140728   0.00707071 -0.000591103 -0.000153122    -0.000375   0.00140728  0.000459344  0.000864449  0.000230912 -0.000682034  0.000796649   0.00707071  0.000864449   0.00462436 -0.000379462 -0.000110374  -0.00260174 -0.000591103  0.000230912 -0.000379462   0.00179311
   0.0028539 -0.000474231  -0.00184423 -0.000125768 -0.000716283 -6.92606e-05 -0.000474231   0.00347043    0.0011943 -0.000316191  0.000676483  -0.00223489  -0.00184423    0.0011943    0.0105582   0.00110214   0.00674609 -0.000531307 -0.000125768 -0.000316191   0.00110214  0.000338759  0.000688098  0.000194303 -0.000716283  0.000676483   0.00674609  0.000688098   0.00441858 -0.000337404 -6.92606e-05  -0.00223489 -0.000531307  0.000194303 -0.000337404   0.00156942
  0.00148401 -0.000152961  -0.00149106 -9.13729e-05 -0.000727553 -4.49118e-05 -0.000152961   0.00263653  0.000869643 -0.000221415  0.000525815  -0.00178746  -0.00149106  0.000869643    0.0096279  0.000760143   0.00623915 -0.000440861 -9.13729e-05 -0.000221415  0.000760143  0.000222708  0.000483101  0.000138504 -0.000727553  0.000525815   0.00623915  0.000483101   0.00410992  -0.00028103 -4.49118e-05  -0.00178746 -0.000440861  0.000138504  -0.00028103   0.00130202
  0.00064325 -1.17356e-05  -0.00116862 -6.25506e-05 -0.000692977 -3.90012e-05 -1.17356e-05   0.00198539  0.000619867 -0.000124648  0.000397661  -0.00141652  -0.00116862  0.000619867   0.00861416  0.000509087   0.00568048 -0.000349319 -6.25506e-05 -0.000124648  0.000509087  0.000147862  0.000328424  8.50686e-05 -0.000692977  0.000397661   0.00568048  0.000328424   0.00377689 -0.000227581 -3.90012e-05  -0.00141652 -0.000349319  8.50686e-05 -0.000227581   0.00107942
 0.000270883   2.6825e-05 -0.000915839 -3.84911e-05 -0.000613775 -3.41851e-05   2.6825e-05   0.00149653  0.000430753  -4.6975e-05  0.000287906  -0.00112365 -0.000915839  0.000430753    0.0075427  0.000326248    0.0050699 -0.000261991 -3.84911e-05  -4.6975e-05  0.000326248  0.000101604  0.000213947  4.21402e-05 -0.000613775  0.000287906    0.0050699  0.000213947   0.00341969 -0.000175565 -3.41851e-05  -0.00112365 -0.000261991  4.21402e-05 -0.000175565   0.00089544
 0.000184465  2.73287e-05 -0.000734529 -2.26687e-05 -0.000507475 -2.81719e-05  2.73287e-05   0.00119737  0.000298222 -9.21858e-06  0.000202801 -0.000919244 -0.000734529  0.000298222   0.00648302  0.000214695   0.00444289 -0.000190276 -2.26687e-05 -9.21858e-06  0.000214695  8.05201e-05  0.000143577   1.6414e-05 -0.000507475  0.000202801   0.00444289  0.000143577    0.0030559 -0.000129795 -2.81719e-05 -0.000919244 -0.000190276   1.6414e-05 -0.000129795  0.000753975
 0.000160087  2.38742e-05   -0.0005645 -1.32979e-05 -0.000397635 -2.31865e-05  2.38742e-05   0.00100302  0.000197937  5.71152e-07  0.000137033 -0.000774074   -0.0005645  0.000197937   0.00543472  0.000145859   0.00380778 -0.000131029 -1.32979e-05  5.71152e-07  0.000145859  7.36267e-05  9.94528e-05  6.20282e-06 -0.000397635  0.000137033   0.00380778  9.94528e-05   0.00267933 -9.10271e-05 -2.31865e-05 -0.000774074 -0.000131029  6.20282e-06 -9.10271e-05  0.000646481
 0.000142874  2.16324e-05 -0.000419544 -7.94692e-06 -0.000301469 -1.99546e-05  2.16324e-05  0.000864615  0.000119693 -2.86867e-06   8.4943e-05 -0.000669418 -0.000419544  0.000119693   0.00447046  9.88754e-05   0.00320551 -8.16882e-05 -7.94692e-06 -2.86867e-06  9.88754e-05  7.22948e-05  6.85076e-05  6.02727e-06 -0.000301469   8.4943e-05   0.00320551  6.85076e-05   0.00231041 -5.82948e-05 -1.99546e-05 -0.000669418 -8.16882e-05  6.02727e-06 -5.82948e-05  0.000568479
 0.000131174  1.84629e-05 -0.000303489 -4.67287e-06  -0.00022193 -1.65125e-05  1.84629e-05  0.000756695  5.61689e-05 -9.79062e-06  4.13104e-05 -0.000587841 -0.000303489  5.61689e-05   0.00358651  6.40069e-05   0.00263476 -3.90422e-05 -4.67287e-06 -9.79062e-06  6.40069e-05  7.05682e-05  4.47985e-05  9.46299e-06  -0.00022193  4.13104e-05   0.00263476  4.47985e-05   0.00194811 -2.90986e-05 -1.65125e-05 -0.000587841 -3.90422e-05  9.46299e-06 -2.90986e-05  0.000508207
 0.000124887   1.2601e-05 -0.000220069 -2.48717e-06 -0.000162906   -1.073e-05   1.2601e-05   0.00068041  1.04506e-05 -1.49434e-05  8.21652e-06 -0.000527181 -0.000220069  1.04506e-05   0.00283483  4.49794e-05   0.00213158 -5.92649e-06 -2.48717e-06 -1.49434e-05  4.49794e-05  6.50285e-05  3.19826e-05  1.23909e-05 -0.000162906  8.21652e-06   0.00213158  3.19826e-05   0.00161598 -5.06821e-06   -1.073e-05 -0.000527181 -5.92649e-06  1.23909e-05 -5.06821e-06  0.000460496
  0.00012057  5.16324e-06 -0.000162743 -6.75931e-07 -0.000121448 -1.92519e-06  5.16324e-06  0.000637549 -1.81954e-05 -1.71212e-05 -1.53741e-05 -0.000487096 -0.000162743 -1.81954e-05   0.00221705  4.44693e-05   0.00169983  1.69746e-05 -6.75931e-07 -1.71212e-05  4.44693e-05  5.50933e-05    3.506e-05  1.37974e-05 -0.000121448 -1.53741e-05   0.00169983    3.506e-05   0.00131627  1.39715e-05 -1.92519e-06 -0.000487096  1.69746e-05  1.37974e-05  1.39715e-05   0.00042066
 0.000116785 -1.57845e-06 -0.000125494  9.10118e-07 -9.43358e-05  7.84927e-06 -1.57845e-06  0.000624006 -3.44186e-05 -1.82102e-05 -3.20685e-05 -0.000468585 -0.000125494 -3.44186e-05   0.00176061  5.10316e-05    0.0013673  3.05444e-05  9.10118e-07 -1.82102e-05  5.10316e-05  4.54681e-05  4.60208e-05  1.48956e-05 -9.43358e-05 -3.20685e-05    0.0013673  4.60208e-05   0.00107223  2.78739e-05  7.84927e-06 -0.000468585  3.05444e-05  1.48956e-05  2.78739e-05  0.000392999
  0.00011642 -4.57069e-06 -9.90368e-05  1.51246e-06 -7.36616e-05  1.14678e-05 -4.57069e-06  0.000618278  -4.9566e-05 -2.20978e-05 -4.51939e-05 -0.000462353 -9.90368e-05  -4.9566e-05   0.00142238  6.43398e-05   0.00111777  4.16623e-05  1.51246e-06 -2.20978e-05  6.43398e-05  4.31739e-05  5.73791e-05  1.77583e-05 -7.36616e-05 -4.51939e-05   0.00111777  5.73791e-05  0.000888977  3.77074e-05  1.14678e-05 -0.000462353  4.16623e-05  1.77583e-05  3.77074e-05  0.000384527
 0.000124932  -1.3659e-06 -7.97134e-05  1.75715e-06 -5.73567e-05  9.03814e-06  -1.3659e-06   0.00062424 -6.23616e-05 -3.01389e-05 -5.55567e-05 -0.000471652 -7.97134e-05 -6.23616e-05   0.00119936  8.06351e-05  0.000954122  5.04109e-05  1.75715e-06 -3.01389e-05  8.06351e-05  5.05005e-05  7.07152e-05  2.34572e-05 -5.73567e-05 -5.55567e-05  0.000954122  7.07152e-05  0.000769898  4.48842e-05  9.03814e-06 -0.000471652  5.04109e-05  2.34572e-05  4.48842e-05  0.000396844
 0.000165405  7.25521e-06 -6.83196e-05  1.99168e-06 -4.47877e-05  2.66263e-06  7.25521e-06  0.000666956 -7.30658e-05 -4.22467e-05  -6.4563e-05 -0.000498124 -6.83196e-05 -7.30658e-05    0.0010689  0.000100269  0.000856423  5.77923e-05  1.99168e-06 -4.22467e-05  0.000100269   6.8097e-05  8.77433e-05  3.20251e-05 -4.47877e-05  -6.4563e-05  0.000856423  8.77433e-05  0.000700379  5.10429e-05  2.66263e-06 -0.000498124  5.77923e-05  3.20251e-05  5.10429e-05  0.000427876
 0.000240843  3.98518e-05 -6.58972e-05 -1.18185e-06 -3.32538e-05 -2.89641e-05  3.98518e-05  0.000822938  -0.00010788 -8.62886e-05 -9.31145e-05 -0.000632486 -6.58972e-05  -0.00010788  0.000953495  0.000168604   0.00077892  8.43225e-05 -1.18185e-06 -8.62886e-05  0.000168604  0.000130878  0.000144463  6.36561e-05 -3.32538e-05 -9.31145e-05   0.00077892  0.000144463  0.000654489  7.23133e-05 -2.89641e-05 -0.000632486  8.43225e-05  6.36561e-05  7.23133e-05  0.000565957
 0.000259931  0.000100592 -7.46567e-05 -1.59021e-05  -3.6016e-05 -9.78201e-05  0.000100592  0.000951089 -0.000146223 -0.000137133 -0.000119928 -0.000779981 -7.46567e-05 -0.000146223   0.00091876  0.000265021  0.000756485   0.00011929 -1.59021e-05 -0.000137133  0.000265021  0.000204213  0.000215903  0.000104579  -3.6016e-05 -0.000119928  0.000756485  0.000215903  0.000642912  9.59937e-05 -9.78201e-05 -0.000779981   0.00011929  0.000104579  9.59937e-05  0.000729096
   0.0003229  0.000104354  -5.2722e-05 -1.62176e-05 -7.96196e-06 -0.000122668  0.000104354   0.00113165  -0.00017356 -0.000162033 -0.000148406 -0.000975964  -5.2722e-05  -0.00017356  0.000830059   0.00032765   0.00069297  0.000147683 -1.62176e-05 -0.000162033   0.00032765  0.000284569  0.000259749  0.000126298 -7.96196e-06 -0.000148406   0.00069297  0.000259749  0.000603346   0.00012315 -0.000122668 -0.000975964  0.000147683  0.000126298   0.00012315  0.000946243
  0.00106899 -0.000333271  0.000149558  1.87511e-05  0.000139048  9.16591e-05 -0.000333271   0.00157381 -0.000210684 -0.000108337 -0.000172609  -0.00124966  0.000149558 -0.000210684  0.000696061  0.000347326  0.000579966  0.000157452  1.87511e-05 -0.000108337  0.000347326  0.000338886   0.00026248  9.64959e-05  0.000139048 -0.000172609  0.000579966   0.00026248  0.000513138  0.000124605  9.16591e-05  -0.00124966  0.000157452  9.64959e-05  0.000124605    0.0011344
     0.00134 -0.000540031  0.000181726  2.32319e-05  0.000180354  0.000173851 -0.000540031   0.00164406 -0.000193672 -8.69955e-05 -0.000169001  -0.00128821  0.000181726 -0.000193672  0.000618316  0.000330134  0.000526894  0.000133554  2.32319e-05 -8.69955e-05  0.000330134  0.000337432  0.000245327  7.90814e-05  0.000180354 -0.000169001  0.000526894  0.000245327  0.000479592  0.000109551  0.000173851  -0.00128821  0.000133554  7.90814e-05  0.000109551   0.00115402
  0.00145965 -0.000620929  0.000159644  1.87543e-05  0.000183937  0.000182081 -0.000620929   0.00165124 -0.000153762 -7.58053e-05 -0.000149515  -0.00125455  0.000159644 -0.000153762  0.000568919  0.000303898  0.000488209  9.70845e-05  1.87543e-05 -7.58053e-05  0.000303898  0.000325064  0.000216615  6.66092e-05  0.000183937 -0.000149515  0.000488209  0.000216615  0.000455159  8.50791e-05  0.000182081  -0.00125455  9.70845e-05  6.66092e-05  8.50791e-05   0.00112302
  0.00139103     -0.00054  0.000110395  3.22434e-06  0.000161276  0.000152673     -0.00054   0.00155129  -9.9686e-05 -6.52132e-05 -0.000115736  -0.00115052  0.000110395  -9.9686e-05  0.000590509  0.000257831  0.000483452  5.81374e-05  3.22434e-06 -6.52132e-05  0.000257831  0.000283842  0.000177125  5.48549e-05  0.000161276 -0.000115736  0.000483452  0.000177125  0.000443607  5.91587e-05  0.000152673  -0.00115052  5.81374e-05  5.48549e-05  5.91587e-05   0.00104017
  0.00121402 -0.000445024   8.2043e-05 -7.19084e-06  0.000140428  0.000116379 -0.000445024   0.00144135 -7.35467e-05 -5.94557e-05 -9.63686e-05  -0.00106251   8.2043e-05 -7.35467e-05  0.000583842  0.000230085  0.000469056  3.91238e-05 -7.19084e-06 -5.94557e-05  0.000230085  0.000250352  0.000155864  4.82941e-05  0.000140428 -9.63686e-05  0.000469056  0.000155864  0.000434541  4.52704e-05  0.000116379  -0.00106251  3.91238e-05  4.82941e-05  4.52704e-05  0.000970507
 0.000846765 -0.000290977  4.87116e-05 -1.86404e-05  0.000109757  6.17267e-05 -0.000290977   0.00121371 -5.03554e-05 -5.06724e-05 -7.34687e-05 -0.000924107  4.87116e-05 -5.03554e-05  0.000510188  0.000192113  0.000432346  2.28485e-05 -1.86404e-05 -5.06724e-05  0.000192113  0.000195634  0.000132135   3.8436e-05  0.000109757 -7.34687e-05  0.000432346  0.000132135  0.000411965  3.01055e-05  6.17267e-05 -0.000924107  2.28485e-05   3.8436e-05  3.01055e-05  0.000857252
 0.000558524  -0.00017443  2.95487e-05 -2.21799e-05  8.75648e-05  3.17482e-05  -0.00017443   0.00102073  -4.5455e-05 -4.23175e-05 -5.94912e-05 -0.000814799  2.95487e-05  -4.5455e-05  0.000449354  0.000159622  0.000397609  2.13616e-05 -2.21799e-05 -4.23175e-05  0.000159622  0.000151857  0.000117268  2.97087e-05  8.75648e-05 -5.94912e-05  0.000397609  0.000117268  0.000386735  2.31795e-05  3.17482e-05 -0.000814799  2.13616e-05  2.97087e-05  2.31795e-05  0.000766289
 0.000329138 -8.08989e-05  2.35807e-05 -1.89974e-05  6.49114e-05  1.20733e-05 -8.08989e-05    0.0008471 -5.07309e-05 -2.98583e-05 -4.80468e-05 -0.000709839  2.35807e-05 -5.07309e-05  0.000400546  0.000127822  0.000364435  2.93872e-05 -1.89974e-05 -2.98583e-05  0.000127822  0.000111201  0.000102961   1.9798e-05  6.49114e-05 -4.80468e-05  0.000364435  0.000102961  0.000356425  2.10791e-05  1.20733e-05 -0.000709839  2.93872e-05   1.9798e-05  2.10791e-05   0.00067656
 0.000159068 -1.91137e-05  3.42408e-05 -6.41315e-06  3.70113e-05 -1.32885e-06 -1.91137e-05  0.000676565 -5.32053e-05 -8.35165e-06 -3.91765e-05 -0.000592829  3.42408e-05 -5.32053e-05   0.00035167  9.60213e-05  0.000326293  4.01017e-05 -6.41315e-06 -8.35165e-06  9.60213e-05  7.04404e-05  8.40789e-05  6.68769e-06  3.70113e-05 -3.91765e-05  0.000326293  8.40789e-05  0.000316761  2.71803e-05 -1.32885e-06 -0.000592829  4.01017e-05  6.68769e-06  2.71803e-05  0.000571078
 0.000103911  -1.3776e-05  2.25386e-05  2.50123e-06  2.27712e-05  7.41064e-06  -1.3776e-05  0.000567243 -4.17345e-05  5.06607e-06  -4.3448e-05 -0.000508435  2.25386e-05 -4.17345e-05  0.000300599  6.91647e-05  0.000291914  4.05435e-05  2.50123e-06  5.06607e-06  6.91647e-05  4.75034e-05   6.6805e-05 -2.83307e-06  2.27712e-05  -4.3448e-05  0.000291914   6.6805e-05  0.000290365   4.1733e-05  7.41064e-06 -0.000508435  4.05435e-05 -2.83307e-06   4.1733e-05   0.00049173
