 8.97675e-06 -5.53757e-08 -1.67094e-08   1.5064e-09  2.92294e-09 -1.15432e-08 -5.53757e-08  8.82084e-06  1.47913e-08  1.31538e-10 -3.02793e-09 -3.84268e-08 -1.67094e-08  1.47913e-08  7.91161e-06  7.27316e-08  2.10871e-07  1.76641e-09   1.5064e-09  1.31538e-10  7.27316e-08  9.91216e-07 -1.31787e-08  1.20044e-10  2.92294e-09 -3.02793e-09  2.10871e-07 -1.31787e-08  9.58446e-07 -4.38716e-10 -1.15432e-08 -3.84268e-08  1.76641e-09  1.20044e-10 -4.38716e-10  9.91673e-07
  0.00186271   2.2448e-05 -0.000135803  2.34769e-05 -0.000157295  0.000151013   2.2448e-05   0.00159031  0.000238904    7.052e-05  0.000101779 -0.000611868 -0.000135803  0.000238904   0.00116026 -0.000104838  0.000540245 -0.000105599  2.34769e-05    7.052e-05 -0.000104838   6.0992e-05 -4.63274e-05 -2.12823e-05 -0.000157295  0.000101779  0.000540245 -4.63274e-05  0.000273727  -5.3697e-05  0.000151013 -0.000611868 -0.000105599 -2.12823e-05  -5.3697e-05  0.000300181
  0.00326846   0.00024948 -0.000211983  3.92844e-05 -0.000338598  0.000273605   0.00024948   0.00285922  0.000557409  0.000154946  0.000219972  -0.00113884 -0.000211983  0.000557409   0.00258773 -0.000232926   0.00111841  -0.00024677  3.92844e-05  0.000154946 -0.000232926  7.34564e-05 -9.14103e-05  -5.1821e-05 -0.000338598  0.000219972   0.00111841 -9.14103e-05  0.000512045 -0.000124382  0.000273605  -0.00113884  -0.00024677  -5.1821e-05 -0.000124382  0.000527879
  0.00388406  0.000224057 -0.000346523  4.73979e-05 -0.000483965  0.000238939  0.000224057   0.00348382  0.000909714  0.000216492  0.000367678  -0.00142236 -0.000346523  0.000909714   0.00370819 -0.000224747   0.00160664 -0.000412105  4.73979e-05  0.000216492 -0.000224747  7.61104e-05 -9.27137e-05   -7.619e-05 -0.000483965  0.000367678   0.00160664 -9.27137e-05  0.000733636 -0.000194608  0.000238939  -0.00142236 -0.000412105   -7.619e-05 -0.000194608  0.000642633
  0.00253953 -1.26426e-05 -0.000609849  2.80763e-05 -0.000510768  9.56481e-05 -1.26426e-05    0.0028709   0.00117959  0.000178142  0.000510053  -0.00122238 -0.000609849   0.00117959    0.0039186 -2.55223e-05   0.00175512 -0.000533944  2.80763e-05  0.000178142 -2.55223e-05  7.59331e-05 -1.00898e-05 -6.20398e-05 -0.000510768  0.000510053   0.00175512 -1.00898e-05  0.000821876 -0.000239317  9.56481e-05  -0.00122238 -0.000533944 -6.20398e-05 -0.000239317  0.000581897
 0.000256004 -0.000143276 -0.000515206 -5.45315e-06 -0.000257417  5.33883e-05 -0.000143276  0.000993332  0.000921704 -4.08408e-06  0.000451041 -0.000528199 -0.000515206  0.000921704   0.00209246  6.48003e-05   0.00104594 -0.000441615 -5.45315e-06 -4.08408e-06  6.48003e-05  3.34013e-05  2.92895e-05  4.51461e-06 -0.000257417  0.000451041   0.00104594  2.92895e-05  0.000529326 -0.000215527  5.33883e-05 -0.000528199 -0.000441615  4.51461e-06 -0.000215527  0.000309013
 0.000168007 -9.79511e-05 -0.000284586  1.22271e-05 -0.000154841  4.91944e-05 -9.79511e-05  0.000786709  0.000658506 -2.67125e-05  0.000345643  -0.00041437 -0.000284586  0.000658506   0.00124202 -2.00958e-05  0.000671222 -0.000337852  1.22271e-05 -2.67125e-05 -2.00958e-05  1.76352e-05 -9.89907e-06  1.54297e-05 -0.000154841  0.000345643  0.000671222 -9.89907e-06  0.000367475 -0.000177146  4.91944e-05  -0.00041437 -0.000337852  1.54297e-05 -0.000177146  0.000238579
 0.000143982 -5.58187e-05 -0.000189755  1.39123e-05 -0.000109312  3.06306e-05 -5.58187e-05  0.000738066  0.000535186 -2.62965e-05  0.000293104 -0.000401906 -0.000189755  0.000535186  0.000921104 -2.72379e-05  0.000521232 -0.000289449  1.39123e-05 -2.62965e-05 -2.72379e-05  1.70167e-05 -1.48976e-05  1.56249e-05 -0.000109312  0.000293104  0.000521232 -1.48976e-05   0.00029988 -0.000158566  3.06306e-05 -0.000401906 -0.000289449  1.56249e-05 -0.000158566  0.000238803
 0.000150173 -1.99889e-05 -0.000158333  1.12568e-05 -9.63802e-05  8.90818e-06 -1.99889e-05  0.000799515  0.000518411 -1.69562e-05  0.000294389 -0.000455187 -0.000158333  0.000518411  0.000881467 -8.44569e-06  0.000519166 -0.000290228  1.12568e-05 -1.69562e-05 -8.44569e-06  1.99454e-05 -5.11564e-06  1.10729e-05 -9.63802e-05  0.000294389  0.000519166 -5.11564e-06  0.000311518 -0.000164814  8.90818e-06 -0.000455187 -0.000290228  1.10729e-05 -0.000164814  0.000282667
 0.000172761   8.5837e-06 -0.000150062  1.27785e-05 -9.67336e-05 -1.01692e-05   8.5837e-06  0.000954599  0.000555071 -1.62804e-05  0.000328366 -0.000575502 -0.000150062  0.000555071  0.000952344  8.33658e-07  0.000588273 -0.000324132  1.27785e-05 -1.62804e-05  8.33658e-07  2.68257e-05 -1.67628e-07  1.14926e-05 -9.67336e-05  0.000328366  0.000588273 -1.67628e-07  0.000369498 -0.000191533 -1.01692e-05 -0.000575502 -0.000324132  1.14926e-05 -0.000191533  0.000372906
 0.000217463  3.92779e-05   -0.0001267  2.10958e-05  -8.7515e-05 -2.92226e-05  3.92779e-05   0.00122978   0.00057234 -5.07349e-05  0.000364203 -0.000797636   -0.0001267   0.00057234  0.000945401 -2.57353e-05  0.000631332 -0.000366468  2.10958e-05 -5.07349e-05 -2.57353e-05  4.07939e-05 -1.75436e-05  3.47856e-05  -8.7515e-05  0.000364203  0.000631332 -1.75436e-05  0.000431097 -0.000233395 -2.92226e-05 -0.000797636 -0.000366468  3.47856e-05 -0.000233395  0.000558781
  0.00015486  6.06055e-05 -9.71206e-05  1.72516e-05 -7.00481e-05 -4.61875e-05  6.06055e-05   0.00125236  0.000518222 -7.22813e-05  0.000343435 -0.000868395 -9.71206e-05  0.000518222  0.000817466 -3.76325e-05  0.000572811 -0.000348545  1.72516e-05 -7.22813e-05 -3.76325e-05  3.45651e-05 -2.60234e-05  5.09527e-05 -7.00481e-05  0.000343435  0.000572811 -2.60234e-05  0.000407875 -0.000230611 -4.61875e-05 -0.000868395 -0.000348545  5.09527e-05 -0.000230611  0.000629798
 0.000167936  6.16069e-05 -8.24491e-05  1.95878e-05 -5.95149e-05 -4.59572e-05  6.16069e-05   0.00127273   0.00042895 -9.45586e-05  0.000289492 -0.000905906 -8.24491e-05   0.00042895  0.000708614 -5.20511e-05  0.000511838 -0.000298275  1.95878e-05 -9.45586e-05 -5.20511e-05  4.13074e-05 -3.64026e-05  6.83626e-05 -5.95149e-05  0.000289492  0.000511838 -3.64026e-05  0.000378167 -0.000201061 -4.59572e-05 -0.000905906 -0.000298275  6.83626e-05 -0.000201061  0.000678453
 0.000181082  6.12935e-05  -7.0838e-05  2.38323e-05 -4.99258e-05 -4.44186e-05  6.12935e-05   0.00124098  0.000294765 -0.000106916  0.000197404 -0.000908986  -7.0838e-05  0.000294765  0.000597533 -5.90319e-05  0.000446413 -0.000209054  2.38323e-05 -0.000106916 -5.90319e-05  4.95818e-05 -4.15884e-05  7.91902e-05 -4.99258e-05  0.000197404  0.000446413 -4.15884e-05   0.00034264 -0.000139479 -4.44186e-05 -0.000908986 -0.000209054  7.91902e-05 -0.000139479  0.000702115
 0.000189728  8.78972e-05 -5.46373e-05  2.14977e-05 -3.63279e-05  -6.4925e-05  8.78972e-05   0.00114616  0.000149089 -9.26054e-05  9.23388e-05  -0.00085719 -5.46373e-05  0.000149089  0.000500283 -4.88892e-05  0.000384931 -0.000102786  2.14977e-05 -9.26054e-05 -4.88892e-05  4.95058e-05 -3.45736e-05  6.92018e-05 -3.63279e-05  9.23388e-05  0.000384931 -3.45736e-05  0.000305956 -6.22881e-05  -6.4925e-05  -0.00085719 -0.000102786  6.92018e-05 -6.22881e-05  0.000679369
 0.000178455  0.000140735 -4.13153e-05  8.47748e-06  -2.7159e-05 -0.000107649  0.000140735   0.00101672   8.5981e-06 -5.04831e-05 -4.74324e-06 -0.000769561 -4.13153e-05   8.5981e-06  0.000416737 -3.45978e-05   0.00032992 -6.99498e-07  8.47748e-06 -5.04831e-05 -3.45978e-05  3.82691e-05 -2.63311e-05  3.80168e-05  -2.7159e-05 -4.74324e-06   0.00032992 -2.63311e-05   0.00027056  8.03949e-06 -0.000107649 -0.000769561 -6.99498e-07  3.80168e-05  8.03949e-06  0.000619313
  0.00015973  0.000177204 -4.61255e-05 -8.86236e-07 -3.45295e-05  -0.00013921  0.000177204  0.000925182 -9.39739e-05 -9.95809e-06 -6.89442e-05 -0.000703547 -4.61255e-05 -9.39739e-05  0.000367388 -3.28565e-05  0.000296059  7.08392e-05 -8.86236e-07 -9.95809e-06 -3.28565e-05  2.92467e-05 -2.88618e-05   8.6593e-06 -3.45295e-05 -6.89442e-05  0.000296059 -2.88618e-05  0.000245903  5.15563e-05  -0.00013921 -0.000703547  7.08392e-05   8.6593e-06  5.15563e-05  0.000565942
 0.000182423  0.000153473  -6.0509e-05  2.27524e-06 -4.40149e-05 -0.000113277  0.000153473  0.000938014 -0.000127791 -2.97933e-06 -9.50661e-05 -0.000700796  -6.0509e-05 -0.000127791  0.000372737 -6.02408e-05  0.000295665  9.45071e-05  2.27524e-06 -2.97933e-06 -6.02408e-05  4.23883e-05 -4.86792e-05  3.06176e-06 -4.40149e-05 -9.50661e-05  0.000295665 -4.86792e-05  0.000243299  7.00958e-05 -0.000113277 -0.000700796  9.45071e-05  3.06176e-06  7.00958e-05  0.000562725
 0.000169693   9.3466e-05 -9.51647e-05  1.55613e-05 -7.02073e-05 -5.69176e-05   9.3466e-05   0.00107141 -0.000143641 -1.32567e-05 -0.000106977 -0.000809351 -9.51647e-05 -0.000143641  0.000549838 -0.000131364  0.000430612  9.91196e-05  1.55613e-05 -1.32567e-05 -0.000131364  7.30597e-05 -9.94697e-05  1.25238e-05 -7.02073e-05 -0.000106977  0.000430612 -9.94697e-05  0.000344592    7.367e-05 -5.69176e-05 -0.000809351  9.91196e-05  1.25238e-05    7.367e-05  0.000645176
 0.000357717 -6.18811e-05 -0.000239278  4.73015e-05 -0.000150939  6.34761e-05 -6.18811e-05   0.00140019 -0.000172446 -4.90604e-05 -0.000128611 -0.000984135 -0.000239278 -0.000172446   0.00169957 -0.000272853   0.00116576  0.000126599  4.73015e-05 -4.90604e-05 -0.000272853  0.000159105 -0.000181786  3.66294e-05 -0.000150939 -0.000128611   0.00116576 -0.000181786  0.000818075  9.50716e-05  6.34761e-05 -0.000984135  0.000126599  3.66294e-05  9.50716e-05  0.000778034
 0.000472903 -0.000255296 -0.000819952  0.000191609 -0.000476656  0.000260674 -0.000255296    0.0014782 -0.000650111 -2.41584e-05 -0.000455151  -0.00105807 -0.000819952 -0.000650111   0.00522513 -0.000899811   0.00327795  0.000305991  0.000191609 -2.41584e-05 -0.000899811  0.000264736 -0.000530494  4.20463e-05 -0.000476656 -0.000455151   0.00327795 -0.000530494   0.00208021  0.000228808  0.000260674  -0.00105807  0.000305991  4.20463e-05  0.000228808  0.000825815
  0.00114224 -6.58317e-05  -0.00223897  0.000361877  -0.00122829   0.00027857 -6.58317e-05   0.00192645  -0.00128444     0.000147 -0.000710737  -0.00123563  -0.00223897  -0.00128444   0.00819182  -0.00135438   0.00468368  0.000305115  0.000361877     0.000147  -0.00135438  0.000323824 -0.000751312 -2.03302e-05  -0.00122829 -0.000710737   0.00468368 -0.000751312   0.00271291  0.000165304   0.00027857  -0.00123563  0.000305115 -2.03302e-05  0.000165304  0.000915166
  0.00371933 -6.41246e-05  -0.00325945  0.000488868   -0.0021038  0.000559464 -6.41246e-05    0.0040679  -0.00115043  0.000506702 -0.000625375  -0.00200569  -0.00325945  -0.00115043    0.0113001     -0.00178   0.00601532  8.69077e-05  0.000488868  0.000506702     -0.00178  0.000466387 -0.000904281 -0.000125584   -0.0021038 -0.000625375   0.00601532 -0.000904281   0.00328252  1.54201e-05  0.000559464  -0.00200569  8.69077e-05 -0.000125584  1.54201e-05   0.00117326
   0.0148683 -0.000797759  -0.00324044  0.000338407  -0.00242427   0.00123112 -0.000797759    0.0139842  0.000245053  0.000545551  5.14616e-05  -0.00358686  -0.00324044  0.000245053    0.0176698  -0.00149373     0.007164 -0.000366617  0.000338407  0.000545551  -0.00149373   0.00149299 -0.000596504 -9.66867e-05  -0.00242427  5.14616e-05     0.007164 -0.000596504   0.00462096 -0.000225412   0.00123112  -0.00358686 -0.000366617 -9.66867e-05 -0.000225412   0.00267664
   0.0190984  -0.00223492  -0.00311825  0.000174769  -0.00192661   0.00107019  -0.00223492    0.0178036  0.000963315  0.000155748  0.000432904  -0.00414333  -0.00311825  0.000963315    0.0195095 -0.000533522   0.00730243 -0.000510341  0.000174769  0.000155748 -0.000533522   0.00194519 -0.000105965  1.30253e-05  -0.00192661  0.000432904   0.00730243 -0.000105965   0.00522768 -0.000293394   0.00107019  -0.00414333 -0.000510341  1.30253e-05 -0.000293394   0.00340635
   0.0200255  -0.00379351     -0.00311  2.86575e-05  -0.00129019  0.000658748  -0.00379351    0.0178329    0.0016675 -0.000287762  0.000756573  -0.00458868     -0.00311    0.0016675    0.0187901  0.000664064   0.00759589 -0.000611713  2.86575e-05 -0.000287762  0.000664064   0.00202963  0.000473657  0.000149503  -0.00129019  0.000756573   0.00759589  0.000473657   0.00561314 -0.000355491  0.000658748  -0.00458868 -0.000611713  0.000149503 -0.000355491   0.00373274
   0.0164516  -0.00442662  -0.00316408 -8.66367e-05 -0.000714978  0.000125455  -0.00442662    0.0132853   0.00226852 -0.000610305   0.00100353  -0.00468882  -0.00316408   0.00226852    0.0154948   0.00181452   0.00803531 -0.000688548 -8.66367e-05 -0.000610305   0.00181452   0.00161407   0.00103005  0.000293539 -0.000714978   0.00100353   0.00803531   0.00103005   0.00567582 -0.000426189  0.000125455  -0.00468882 -0.000688548  0.000293539 -0.000426189   0.00345589
   0.0114877  -0.00343777  -0.00297581 -0.000140729 -0.000563978  -0.00011226  -0.00343777     0.008812   0.00227779 -0.000612992   0.00104791  -0.00416755  -0.00297581   0.00227779    0.0131592   0.00208767   0.00803722 -0.000697915 -0.000140729 -0.000612992   0.00208767   0.00110477   0.00118689  0.000333683 -0.000563978   0.00104791   0.00803722   0.00118689   0.00542004 -0.000450649  -0.00011226  -0.00416755 -0.000697915  0.000333683 -0.000450649   0.00286154
  0.00790872     -0.00224  -0.00262523  -0.00016187 -0.000586472  -0.00015144     -0.00224   0.00639383   0.00200532 -0.000520926  0.000983153  -0.00351229  -0.00262523   0.00200532    0.0122358   0.00191827   0.00772782 -0.000669721  -0.00016187 -0.000520926   0.00191827   0.00078021   0.00112738  0.000308018 -0.000586472  0.000983153   0.00772782   0.00112738   0.00511027 -0.000436606  -0.00015144  -0.00351229 -0.000669721  0.000308018 -0.000436606   0.00237221
  0.00288446 -0.000490501  -0.00184235 -0.000123183 -0.000708953 -6.20289e-05 -0.000490501    0.0034896   0.00119388 -0.000319743  0.000673214  -0.00224512  -0.00184235   0.00119388    0.0106146   0.00110967   0.00678442 -0.000531432 -0.000123183 -0.000319743   0.00110967  0.000340562  0.000693708  0.000196127 -0.000708953  0.000673214   0.00678442  0.000693708   0.00444578 -0.000336209 -6.20289e-05  -0.00224512 -0.000531432  0.000196127 -0.000336209   0.00157496
 0.000662514 -1.60938e-05  -0.00117397 -6.24622e-05 -0.000694959 -3.69853e-05 -1.60938e-05     0.001991  0.000621722 -0.000125694  0.000398469  -0.00142107  -0.00117397  0.000621722   0.00868341  0.000513449   0.00572814 -0.000350167 -6.24622e-05 -0.000125694  0.000513449  0.000148746  0.000331446  8.58504e-05 -0.000694959  0.000398469   0.00572814  0.000331446   0.00380938 -0.000227893 -3.69853e-05  -0.00142107 -0.000350167  8.58504e-05 -0.000227893   0.00108264
 0.000189984  2.67526e-05 -0.000742198 -2.30095e-05  -0.00051301 -2.79519e-05  2.67526e-05   0.00120055  0.000301887 -9.27765e-06  0.000205408 -0.000922444 -0.000742198  0.000301887      0.00656  0.000217577    0.0044966  -0.00019262 -2.30095e-05 -9.27765e-06  0.000217577  8.10886e-05  0.000145559  1.65044e-05  -0.00051301  0.000205408    0.0044966  0.000145559   0.00309306 -0.000131468 -2.79519e-05 -0.000922444  -0.00019262  1.65044e-05 -0.000131468  0.000756499
 0.000147964  2.13546e-05 -0.000426707 -8.11702e-06 -0.000306635 -1.98826e-05  2.13546e-05  0.000869597  0.000125426 -2.86591e-06  8.90822e-05 -0.000674082 -0.000426707  0.000125426    0.0045458  0.000100457   0.00326079 -8.61905e-05 -8.11702e-06 -2.86591e-06  0.000100457   7.2753e-05  6.96503e-05  5.98708e-06 -0.000306635  8.90822e-05   0.00326079  6.96503e-05   0.00235058 -6.15421e-05 -1.98826e-05 -0.000674082 -8.61905e-05  5.98708e-06 -6.15421e-05  0.000572181
 0.000129936  1.18242e-05 -0.000226064 -2.28079e-06 -0.000167305 -1.01848e-05  1.18242e-05  0.000687904  1.68403e-05 -1.52468e-05  1.31022e-05 -0.000534228 -0.000226064  1.68403e-05   0.00290352  4.33493e-05    0.0021848 -1.13539e-05 -2.28079e-06 -1.52468e-05  4.33493e-05  6.54439e-05  3.06747e-05  1.25916e-05 -0.000167305  1.31022e-05    0.0021848  3.06747e-05   0.00165681 -9.21722e-06 -1.01848e-05 -0.000534228 -1.13539e-05  1.25916e-05 -9.21722e-06  0.000466429
 0.000121427 -3.79868e-06 -0.000130931  1.40124e-06 -9.83953e-05  9.84039e-06 -3.79868e-06  0.000636577 -2.68856e-05 -1.89643e-05 -2.63263e-05 -0.000479903 -0.000130931 -2.68856e-05   0.00182497  4.63119e-05   0.00141838  2.45031e-05  1.40124e-06 -1.89643e-05  4.63119e-05  4.62552e-05  4.23333e-05  1.54745e-05 -9.83953e-05 -2.63263e-05   0.00141838  4.23333e-05   0.00111239  2.32879e-05  9.84039e-06 -0.000479903  2.45031e-05  1.54745e-05  2.32879e-05  0.000402499
 0.000136546 -6.23637e-06 -8.45566e-05  2.38325e-06 -6.04709e-05  1.36846e-05 -6.23637e-06  0.000644502  -5.2665e-05 -3.18877e-05 -4.81555e-05 -0.000490516 -8.45566e-05  -5.2665e-05   0.00126483  7.30332e-05   0.00100692  4.29013e-05  2.38325e-06 -3.18877e-05  7.30332e-05  5.25373e-05   6.4755e-05  2.47738e-05 -6.04709e-05 -4.81555e-05   0.00100692   6.4755e-05  0.000811448  3.92113e-05  1.36846e-05 -0.000490516  4.29013e-05  2.47738e-05  3.92113e-05  0.000412291
 0.000265607  2.97175e-05 -7.20238e-05  7.61199e-07 -3.56367e-05 -2.07545e-05  2.97175e-05  0.000872676 -9.10596e-05 -9.00119e-05 -8.00126e-05 -0.000677153 -7.20238e-05 -9.10596e-05   0.00104192  0.000154655  0.000849981  7.15809e-05  7.61199e-07 -9.00119e-05  0.000154655  0.000133971   0.00013247  6.62688e-05 -3.56367e-05 -8.00126e-05  0.000849981   0.00013247  0.000711323  6.24967e-05 -2.07545e-05 -0.000677153  7.15809e-05  6.62688e-05  6.24967e-05  0.000602163
 0.000341884  0.000108797 -5.98377e-05 -1.71137e-05 -1.20927e-05 -0.000129045  0.000108797   0.00119704 -0.000161026 -0.000165792 -0.000136557  -0.00103845 -5.98377e-05 -0.000161026  0.000906553    0.0003237  0.000761412   0.00013884 -1.71137e-05 -0.000165792    0.0003237  0.000288069  0.000254869  0.000129385 -1.20927e-05 -0.000136557  0.000761412  0.000254869  0.000664726  0.000114623 -0.000129045  -0.00103845   0.00013884  0.000129385  0.000114623   0.00100269
  0.00136876 -0.000533129  0.000173293  2.40776e-05  0.000171233  0.000157831 -0.000533129   0.00168734 -0.000187427 -8.93768e-05 -0.000161372  -0.00133138  0.000173293 -0.000187427  0.000665217  0.000333907  0.000575895  0.000129474  2.40776e-05 -8.93768e-05  0.000333907  0.000341648  0.000247902   8.1321e-05  0.000171233 -0.000161372  0.000575895  0.000247902  0.000529288  0.000104291  0.000157831  -0.00133138  0.000129474   8.1321e-05  0.000104291   0.00119637
  0.00141034 -0.000543121  0.000106483  2.26171e-06  0.000158647   0.00014793 -0.000543121   0.00158589   -9.597e-05 -6.61894e-05 -0.000112449  -0.00118338  0.000106483   -9.597e-05  0.000625526  0.000261699  0.000519388  5.58599e-05  2.26171e-06 -6.61894e-05  0.000261699  0.000286661  0.000180043  5.62415e-05  0.000158647 -0.000112449  0.000519388  0.000180043  0.000479384  5.67965e-05   0.00014793  -0.00118338  5.58599e-05  5.62415e-05  5.67965e-05    0.0010719
  0.00085503 -0.000296799   4.9315e-05 -1.95115e-05  0.000111753  6.42711e-05 -0.000296799   0.00124522 -4.94031e-05  -5.1265e-05 -7.35985e-05  -0.00095244   4.9315e-05 -4.94031e-05  0.000533886  0.000195358  0.000456022  2.18838e-05 -1.95115e-05  -5.1265e-05  0.000195358  0.000197393  0.000134876  3.93285e-05  0.000111753 -7.35985e-05  0.000456022  0.000134876   0.00043578  2.97176e-05  6.42711e-05  -0.00095244  2.18838e-05  3.93285e-05  2.97176e-05   0.00088296
 0.000332964 -8.74992e-05  2.78391e-05 -1.91063e-05   6.8107e-05  1.66522e-05 -8.74992e-05  0.000875557 -5.29442e-05 -3.01006e-05 -4.97105e-05 -0.000735087  2.78391e-05 -5.29442e-05  0.000415372  0.000130599  0.000379703  3.03439e-05 -1.91063e-05 -3.01006e-05  0.000130599  0.000112525  0.000105118  2.01511e-05   6.8107e-05 -4.97105e-05  0.000379703  0.000105118  0.000371377  2.16819e-05  1.66522e-05 -0.000735087  3.03439e-05  2.01511e-05  2.16819e-05  0.000698662
 0.000104995 -1.66058e-05   2.4069e-05  2.72229e-06  2.41562e-05  9.81356e-06 -1.66058e-05  0.000591338 -4.29201e-05   6.1527e-06 -4.45632e-05 -0.000530916   2.4069e-05 -4.29201e-05  0.000310635  7.08157e-05  0.000301859  4.14427e-05  2.72229e-06   6.1527e-06  7.08157e-05  4.80806e-05   6.8329e-05 -3.84555e-06  2.41562e-05 -4.45632e-05  0.000301859   6.8329e-05  0.000300143  4.25797e-05  9.81356e-06 -0.000530916  4.14427e-05 -3.84555e-06  4.25797e-05  0.000512534
  0.00010578 -2.09481e-05  1.71862e-05 -3.23974e-06  1.15269e-05  1.62867e-05 -2.09481e-05  0.000509867  -8.5549e-05  9.30684e-06 -8.09333e-05 -0.000459097  1.71862e-05  -8.5549e-05  0.000297737  5.61543e-05   0.00029406  7.94009e-05 -3.23974e-06  9.30684e-06  5.61543e-05  4.54801e-05  5.62668e-05 -6.77471e-06  1.15269e-05 -8.09333e-05   0.00029406  5.62668e-05  0.000302346  7.50124e-05  1.62867e-05 -0.000459097  7.94009e-05 -6.77471e-06  7.50124e-05  0.000458309
 0.000207878 -2.34057e-05  3.55495e-05 -7.89314e-06  7.77019e-06  2.76925e-05 -2.34057e-05   0.00054802 -9.53206e-05   1.0171e-05 -9.53677e-05 -0.000476696  3.55495e-05 -9.53206e-05  0.000417174  4.23231e-05  0.000380926  9.84413e-05 -7.89314e-06   1.0171e-05  4.23231e-05  7.50646e-05  4.62694e-05 -3.46695e-06  7.77019e-06 -9.53677e-05  0.000380926  4.62694e-05  0.000381154  9.62647e-05  2.76925e-05 -0.000476696  9.84413e-05 -3.46695e-06  9.62647e-05  0.000503431
 0.000447138  4.33881e-06    8.516e-05 -3.68727e-06  7.49466e-06  7.23467e-06  4.33881e-06  0.000641976 -8.27153e-05  2.59042e-05 -8.79084e-05 -0.000525055    8.516e-05 -8.27153e-05  0.000532034  3.10675e-05  0.000473453  9.79473e-05 -3.68727e-06  2.59042e-05  3.10675e-05  0.000111937  3.60975e-05 -7.48001e-06  7.49466e-06 -8.79084e-05  0.000473453  3.60975e-05  0.000471583   9.9991e-05  7.23467e-06 -0.000525055  9.79473e-05 -7.48001e-06   9.9991e-05  0.000559171
 0.000205473  1.57713e-05  3.40676e-05  7.72734e-07  2.41976e-05 -1.99913e-05  1.57713e-05   0.00053877 -9.45766e-05  1.54311e-05 -9.88561e-05 -0.000521352  3.40676e-05 -9.45766e-05  0.000481288  3.14372e-05  0.000487245  0.000103857  7.72734e-07  1.54311e-05  3.14372e-05  7.97945e-05  3.03679e-05  -9.8813e-06  2.41976e-05 -9.88561e-05  0.000487245  3.03679e-05  0.000512317   0.00010831 -1.99913e-05 -0.000521352  0.000103857  -9.8813e-06   0.00010831  0.000573359
 6.07508e-05  3.80191e-05   2.4484e-05  1.55545e-06  2.83254e-05 -4.85879e-05  3.80191e-05  0.000456552 -0.000110612 -7.58918e-06 -0.000126067  -0.00050967   2.4484e-05 -0.000110612  0.000421102  3.70229e-05  0.000473336   0.00012356  1.55545e-06 -7.58918e-06  3.70229e-05  4.64276e-05  3.69488e-05  8.58909e-06  2.83254e-05 -0.000126067  0.000473336  3.69488e-05  0.000539654  0.000140546 -4.85879e-05  -0.00050967   0.00012356  8.58909e-06  0.000140546  0.000603084
 0.000105265  9.04732e-05  5.97721e-06 -2.47189e-05  2.29584e-05 -0.000119322  9.04732e-05  0.000579255 -0.000201363 -7.10557e-05 -0.000215434 -0.000675356  5.97721e-06 -0.000201363  0.000507518  5.73762e-05  0.000606262  0.000223457 -2.47189e-05 -7.10557e-05  5.73762e-05  8.02102e-05  5.38263e-05  8.07334e-05  2.29584e-05 -0.000215434  0.000606262  5.38263e-05  0.000739184  0.000236042 -0.000119322 -0.000675356  0.000223457  8.07334e-05  0.000236042  0.000846871
 0.000277679  9.20518e-05 -3.30119e-05 -0.000129699 -3.25303e-07 -0.000104285  9.20518e-05   0.00101833 -0.000337204 -0.000121677 -0.000365933  -0.00124281 -3.30119e-05 -0.000337204   0.00092518  1.16793e-05   0.00118773  0.000380736 -0.000129699 -0.000121677  1.16793e-05  0.000309843 -9.85517e-06   0.00013208 -3.25303e-07 -0.000365933   0.00118773 -9.85517e-06   0.00156631  0.000406589 -0.000104285  -0.00124281  0.000380736   0.00013208  0.000406589   0.00169159
 0.000313385 -5.96429e-05 -2.28015e-05  -4.2494e-05 -1.43298e-05  0.000123356 -5.96429e-05   0.00077285 -0.000165589   -6.445e-05 -0.000193418 -0.000895536 -2.28015e-05 -0.000165589  0.000740477 -0.000121299  0.000893978  0.000181072  -4.2494e-05   -6.445e-05 -0.000121299  0.000240245 -0.000126902  7.28711e-05 -1.43298e-05 -0.000193418  0.000893978 -0.000126902   0.00112965  0.000213526  0.000123356 -0.000895536  0.000181072  7.28711e-05  0.000213526   0.00120048
 0.000116685 -6.23794e-05  1.06278e-05 -1.02013e-05  9.77935e-06  9.97217e-05 -6.23794e-05  0.000578348 -9.24054e-05 -6.25925e-05 -0.000122466 -0.000710842  1.06278e-05 -9.24054e-05  0.000571572 -0.000112718  0.000699448  0.000108185 -1.02013e-05 -6.25925e-05 -0.000112718  0.000146957 -0.000113179  8.08504e-05  9.77935e-06 -0.000122466  0.000699448 -0.000113179  0.000877183  0.000144021  9.97217e-05 -0.000710842  0.000108185  8.08504e-05  0.000144021  0.000952005
 8.55196e-05  1.53305e-05   2.8533e-06  8.01144e-07  1.38187e-05 -1.40298e-05  1.53305e-05  0.000510535 -4.45575e-05 -9.42875e-05 -5.95639e-05 -0.000599014   2.8533e-06 -4.45575e-05  0.000459231 -4.39629e-05     0.000567  6.49426e-05  8.01144e-07 -9.42875e-05 -4.39629e-05  9.28169e-05 -5.17569e-05  0.000104122  1.38187e-05 -5.95639e-05     0.000567 -5.17569e-05  0.000714572  8.55416e-05 -1.40298e-05 -0.000599014  6.49426e-05  0.000104122  8.55416e-05  0.000773126
 0.000278801  3.99255e-05 -4.81451e-05  1.17505e-05  3.12687e-05 -7.96311e-05  3.99255e-05    0.0005725  2.15579e-05 -0.000131736  5.27845e-06 -0.000555116 -4.81451e-05  2.15579e-05  0.000464677  -9.2566e-06  0.000511055  2.84699e-05  1.17505e-05 -0.000131736  -9.2566e-06  0.000109499 -9.18249e-06  0.000115057  3.12687e-05  5.27845e-06  0.000511055 -9.18249e-06  0.000623544  3.95579e-05 -7.96311e-05 -0.000555116  2.84699e-05  0.000115057  3.95579e-05  0.000671813
 0.000295317  2.48764e-05 -6.31546e-05  8.37955e-06  2.15782e-05 -8.68915e-05  2.48764e-05  0.000569341  4.30074e-05 -0.000117024  2.42859e-05  -0.00052522 -6.31546e-05  4.30074e-05  0.000503767  1.44729e-05  0.000499574  1.23983e-05  8.37955e-06 -0.000117024  1.44729e-05  0.000105954  1.56309e-06  9.66992e-05  2.15782e-05  2.42859e-05  0.000499574  1.56309e-06  0.000553627  1.57021e-05 -8.68915e-05  -0.00052522  1.23983e-05  9.66992e-05  1.57021e-05  0.000601775
 9.68055e-05  4.83306e-05 -9.84717e-06  -4.7377e-06 -1.34745e-06 -5.42978e-05  4.83306e-05  0.000482296 -5.96884e-06 -6.59733e-05 -5.83262e-07  -0.00047234 -9.84717e-06 -5.96884e-06   0.00045313     3.67e-06  0.000462975  1.03624e-05  -4.7377e-06 -6.59733e-05     3.67e-06  6.18671e-05  4.32532e-07  6.20798e-05 -1.34745e-06 -5.83262e-07  0.000462975  4.32532e-07  0.000482839  4.47673e-06 -5.42978e-05  -0.00047234  1.03624e-05  6.20798e-05  4.47673e-06  0.000507263
 7.47149e-05  3.15466e-05 -3.97067e-06 -1.36804e-06 -1.70515e-06 -3.28424e-05  3.15466e-05  0.000430106   3.4768e-06 -3.42035e-05  3.78392e-06 -0.000400164 -3.97067e-06   3.4768e-06  0.000481207   1.0231e-05  0.000450232 -1.20561e-06 -1.36804e-06 -3.42035e-05   1.0231e-05  4.36151e-05  7.15172e-06  3.29392e-05 -1.70515e-06  3.78392e-06  0.000450232  7.15172e-06  0.000429197 -1.99439e-06 -3.28424e-05 -0.000400164 -1.20561e-06  3.29392e-05 -1.99439e-06  0.000407306
 9.90975e-05  1.87171e-05   -4.878e-06   1.4407e-07  2.65818e-06 -1.68289e-05  1.87171e-05  0.000413977   1.0297e-05  -2.4117e-05  9.11321e-06 -0.000346694   -4.878e-06   1.0297e-05  0.000485634 -7.52991e-06  0.000430826 -6.64467e-06   1.4407e-07  -2.4117e-05 -7.52991e-06  3.72748e-05 -8.51237e-06   1.9557e-05  2.65818e-06  9.11321e-06  0.000430826 -8.51237e-06  0.000392607  -6.1458e-06 -1.68289e-05 -0.000346694 -6.64467e-06   1.9557e-05  -6.1458e-06  0.000327347
  7.6569e-05  -1.0384e-05 -8.28547e-06  2.30457e-06  -3.8249e-06  1.46032e-05  -1.0384e-05  0.000403916  1.14256e-05 -1.82739e-05  8.07418e-06 -0.000329145 -8.28547e-06  1.14256e-05  0.000512735 -4.09667e-05  0.000436763 -8.88816e-06  2.30457e-06 -1.82739e-05 -4.09667e-05  3.03657e-05 -3.18007e-05  1.49608e-05  -3.8249e-06  8.07418e-06  0.000436763 -3.18007e-05  0.000378418 -6.09004e-06  1.46032e-05 -0.000329145 -8.88816e-06  1.49608e-05 -6.09004e-06  0.000294542
 8.31403e-05 -1.40174e-05 -2.08206e-05  1.76759e-06 -1.39872e-05  1.54547e-05 -1.40174e-05  0.000517447  1.41493e-05 -3.65923e-05   1.0574e-05 -0.000409784 -2.08206e-05  1.41493e-05  0.000660148 -5.10306e-05  0.000525305 -1.44298e-05  1.76759e-06 -3.65923e-05 -5.10306e-05  3.66315e-05 -3.88477e-05  3.00001e-05 -1.39872e-05   1.0574e-05  0.000525305 -3.88477e-05  0.000424026 -1.09571e-05  1.54547e-05 -0.000409784 -1.44298e-05  3.00001e-05 -1.09571e-05  0.000351628
 0.000407387  -3.1476e-06  -9.1821e-05  1.36954e-05 -5.46852e-06  2.96864e-05  -3.1476e-06   0.00129761   0.00017129 -0.000219345   0.00012254 -0.000875379  -9.1821e-05   0.00017129   0.00120863  -0.00011633  0.000867189 -0.000134239  1.36954e-05 -0.000219345  -0.00011633  0.000102039 -7.66343e-05  0.000143553 -5.46852e-06   0.00012254  0.000867189 -7.66343e-05  0.000643154 -9.33306e-05  2.96864e-05 -0.000875379 -0.000134239  0.000143553 -9.33306e-05  0.000646208
   0.0015583 -0.000358742 -0.000445922   5.9827e-05 -4.84513e-07  0.000105521 -0.000358742   0.00322207    0.0015531 -0.000430894  0.000910949  -0.00186821 -0.000445922    0.0015531   0.00309543 -0.000141696   0.00188571 -0.000892329   5.9827e-05 -0.000430894 -0.000141696  0.000183361 -9.91567e-05  0.000228731 -4.84513e-07  0.000910949   0.00188571 -9.91567e-05   0.00122567 -0.000538958  0.000105521  -0.00186821 -0.000892329  0.000228731 -0.000538958   0.00118806
 0.000795016  -0.00134968   -0.0018462   3.6101e-06 -0.000902469  0.000635087  -0.00134968   0.00631164    0.0061592  9.70074e-05   0.00297425  -0.00304901   -0.0018462    0.0061592   0.00822754  0.000174703   0.00401907  -0.00293605   3.6101e-06  9.70074e-05  0.000174703  4.53589e-05  8.46277e-05 -4.41455e-05 -0.000902469   0.00297425   0.00401907  8.46277e-05   0.00197159  -0.00141732  0.000635087  -0.00304901  -0.00293605 -4.41455e-05  -0.00141732   0.00150923
 0.000981477  -0.00205679  -0.00277356 -0.000103948  -0.00127434   0.00088863  -0.00205679   0.00789884   0.00797151  0.000414994   0.00358835  -0.00350815  -0.00277356   0.00797151    0.0101706  0.000490722   0.00463156  -0.00347023 -0.000103948  0.000414994  0.000490722  4.61471e-05  0.000220674 -0.000179716  -0.00127434   0.00358835   0.00463156  0.000220674   0.00211501  -0.00156043   0.00088863  -0.00350815  -0.00347023 -0.000179716  -0.00156043   0.00158004
  0.00237422  -0.00298967  -0.00401541 -0.000181086  -0.00175954   0.00118691  -0.00298967    0.0105331   0.00960253  0.000741501   0.00400957    -0.004155  -0.00401541   0.00960253    0.0124933  0.000781393   0.00524762  -0.00378986 -0.000181086  0.000741501  0.000781393  0.000137701  0.000320536 -0.000287155  -0.00175954   0.00400957   0.00524762  0.000320536   0.00225873  -0.00158311   0.00118691    -0.004155  -0.00378986 -0.000287155  -0.00158311    0.0017517
   0.0220875  -0.00381339  -0.00634113  3.23766e-05  -0.00352111   0.00278682  -0.00381339    0.0260913     0.010983    0.0012598     0.003582  -0.00742621  -0.00634113     0.010983    0.0234223 -0.000596156   0.00712619  -0.00356913  3.23766e-05    0.0012598 -0.000596156  0.000343295 -0.000179188 -0.000345562  -0.00352111     0.003582   0.00712619 -0.000179188    0.0025258  -0.00128244   0.00278682  -0.00742621  -0.00356913 -0.000345562  -0.00128244   0.00259147
   0.0257835  -0.00427227   -0.0060676  -7.8715e-05   -0.0036977   0.00258778  -0.00427227    0.0278448    0.0109665   0.00154657   0.00352109  -0.00820912   -0.0060676    0.0109665    0.0245047 -0.000363834     0.007566   -0.0034284  -7.8715e-05   0.00154657 -0.000363834   0.00017851 -9.61275e-05 -0.000443114   -0.0036977   0.00352109     0.007566 -9.61275e-05   0.00249924  -0.00119393   0.00258778  -0.00820912   -0.0034284 -0.000443114  -0.00119393   0.00255954
    0.026976  -0.00501903  -0.00586106 -0.000267635  -0.00360417   0.00191438  -0.00501903    0.0279871    0.0107711     0.001737   0.00356198  -0.00841898  -0.00586106    0.0107711    0.0245502  0.000363278   0.00773082  -0.00329075 -0.000267635     0.001737  0.000363278  0.000124318  0.000127378 -0.000518464  -0.00360417   0.00356198   0.00773082  0.000127378   0.00255856  -0.00111436   0.00191438  -0.00841898  -0.00329075 -0.000518464  -0.00111436   0.00255515
   0.0267057   -0.0060227  -0.00588076 -0.000470107  -0.00328115   0.00108592   -0.0060227    0.0267731    0.0103369   0.00175913   0.00356928  -0.00819072  -0.00588076    0.0103369    0.0234457   0.00123685   0.00768601  -0.00308811 -0.000470107   0.00175913   0.00123685  0.000147328  0.000411956 -0.000533563  -0.00328115   0.00356928   0.00768601  0.000411956   0.00259673  -0.00102859   0.00108592  -0.00819072  -0.00308811 -0.000533563  -0.00102859   0.00254764
   0.0242586  -0.00619165   -0.0058409 -0.000535197  -0.00280495  0.000547166  -0.00619165    0.0239921   0.00975681   0.00157128   0.00343614   -0.0074093   -0.0058409   0.00975681    0.0213897    0.0016715    0.0073074  -0.00287695 -0.000535197   0.00157128    0.0016715  0.000233683  0.000566403 -0.000474263  -0.00280495   0.00343614    0.0073074  0.000566403   0.00257067 -0.000970691  0.000547166   -0.0074093  -0.00287695 -0.000474263 -0.000970691   0.00246986
   0.0199603  -0.00495595  -0.00502786 -0.000460133  -0.00244068  0.000427619  -0.00495595    0.0204094   0.00892324   0.00137478   0.00316174  -0.00618642  -0.00502786   0.00892324    0.0193732   0.00152913   0.00653732  -0.00267629 -0.000460133   0.00137478   0.00152913  0.000347728   0.00052948 -0.000412578  -0.00244068   0.00316174   0.00653732   0.00052948   0.00246742 -0.000924968  0.000427619  -0.00618642  -0.00267629 -0.000412578 -0.000924968   0.00225779
   0.0147716  -0.00313022  -0.00370793 -0.000308265  -0.00215713  0.000505865  -0.00313022    0.0160837   0.00770529   0.00120416   0.00273645  -0.00484802  -0.00370793   0.00770529    0.0168217     0.001064   0.00557792  -0.00241835 -0.000308265   0.00120416     0.001064  0.000358588   0.00037647 -0.000363633  -0.00215713   0.00273645   0.00557792   0.00037647   0.00221168   -0.0008532  0.000505865  -0.00484802  -0.00241835 -0.000363633   -0.0008532   0.00186554
  0.00964917  -0.00160998  -0.00251151 -0.000150937  -0.00180903  0.000538716  -0.00160998    0.0113195   0.00613588  0.000984876   0.00219011  -0.00360463  -0.00251151   0.00613588    0.0132386  0.000565508   0.00455596  -0.00204714 -0.000150937  0.000984876  0.000565508  0.000237137   0.00020703 -0.000303703  -0.00180903   0.00219011   0.00455596   0.00020703    0.0018028 -0.000740385  0.000538716  -0.00360463  -0.00204714 -0.000303703 -0.000740385   0.00136471
  0.00534147 -0.000836328  -0.00194643 -4.58995e-05  -0.00130851  0.000433515 -0.000836328   0.00700512   0.00435272  0.000625474    0.0016062  -0.00245376  -0.00194643   0.00435272   0.00910361  0.000236152   0.00339199  -0.00156781 -4.58995e-05  0.000625474  0.000236152  9.88762e-05  9.03142e-05  -0.00020406  -0.00130851    0.0016062   0.00339199  9.03142e-05   0.00134102 -0.000593399  0.000433515  -0.00245376  -0.00156781  -0.00020406 -0.000593399  0.000908091
  0.00223035 -0.000578019  -0.00163269 -9.33153e-06 -0.000808826  0.000266994 -0.000578019   0.00378983    0.0026867  0.000227442   0.00107865  -0.00146201  -0.00163269    0.0026867   0.00531997  0.000112702   0.00216924  -0.00106272 -9.33153e-06  0.000227442  0.000112702  4.10275e-05  4.49741e-05 -8.18407e-05 -0.000808826   0.00107865   0.00216924  4.49741e-05  0.000902528 -0.000429799  0.000266994  -0.00146201  -0.00106272 -8.18407e-05 -0.000429799  0.000591364
 0.000744886 -0.000409325  -0.00105666 -1.28952e-05 -0.000459543  0.000161158 -0.000409325   0.00187814   0.00150371   2.4428e-05  0.000647439 -0.000849397  -0.00105666   0.00150371   0.00267302  8.75023e-05   0.00117796 -0.000644481 -1.28952e-05   2.4428e-05  8.75023e-05  3.29208e-05  3.78326e-05 -9.58744e-06 -0.000459543  0.000647439   0.00117796  3.78326e-05  0.000525365  -0.00027724  0.000161158 -0.000849397 -0.000644481 -9.58744e-06  -0.00027724   0.00041013
 0.000533495 -0.000232819 -0.000460727 -2.68507e-05 -0.000225155  8.53382e-05 -0.000232819   0.00136284  0.000721081  1.85546e-05  0.000363148     -0.00066 -0.000460727  0.000721081   0.00115439  0.000103655  0.000581455 -0.000333126 -2.68507e-05  1.85546e-05  0.000103655  4.11867e-05  4.97845e-05  -7.4425e-06 -0.000225155  0.000363148  0.000581455  4.97845e-05  0.000299598 -0.000168491  8.53382e-05     -0.00066 -0.000333126  -7.4425e-06 -0.000168491  0.000348312
 0.000237458  3.75755e-06 -0.000181796  -2.5053e-05 -0.000102924 -1.90546e-05  3.75755e-06    0.0011541  0.000400823   2.9217e-05  0.000225435 -0.000653987 -0.000181796  0.000400823  0.000785219  0.000109749  0.000435332 -0.000212032  -2.5053e-05   2.9217e-05  0.000109749    4.591e-05  5.69225e-05 -1.23573e-05 -0.000102924  0.000225435  0.000435332  5.69225e-05  0.000247067   -0.0001197 -1.90546e-05 -0.000653987 -0.000212032 -1.23573e-05   -0.0001197  0.000394919
 0.000513017   3.5416e-05 -0.000155092 -1.37903e-05 -5.49731e-05 -2.85175e-05   3.5416e-05   0.00135537  0.000282755 -3.64445e-05  0.000172246 -0.000795157 -0.000155092  0.000282755  0.000916195   9.1314e-05  0.000524709 -0.000177116 -1.37903e-05 -3.64445e-05   9.1314e-05  7.75025e-05  5.38931e-05  1.76529e-05 -5.49731e-05  0.000172246  0.000524709  5.38931e-05  0.000316464 -0.000108652 -2.85175e-05 -0.000795157 -0.000177116  1.76529e-05 -0.000108652  0.000516496
  0.00083615 -0.000172476 -5.52892e-05  2.20245e-05   0.00011289  7.81508e-05 -0.000172476   0.00114737  0.000116599 -0.000136163  5.66934e-05 -0.000830761 -5.52892e-05  0.000116599    0.0006023  0.000136739  0.000472192 -0.000107584  2.20245e-05 -0.000136163  0.000136739  0.000154325   0.00010795  7.63178e-05   0.00011289  5.66934e-05  0.000472192   0.00010795  0.000415519 -6.80823e-05  7.81508e-05 -0.000830761 -0.000107584  7.63178e-05 -6.80823e-05  0.000686822
 8.57892e-05  1.33594e-05 -8.75609e-06 -9.66667e-06 -3.50673e-06 -1.55558e-05  1.33594e-05  0.000415718   4.6332e-05  -5.6366e-06  4.64341e-05  -0.00034951 -8.75609e-06   4.6332e-05  0.000297328  6.82493e-05  0.000248999 -4.52959e-05 -9.66667e-06  -5.6366e-06  6.82493e-05  5.41392e-05  5.48788e-05  3.63102e-06 -3.50673e-06  4.64341e-05  0.000248999  5.48788e-05  0.000214769  -4.4857e-05 -1.55558e-05  -0.00034951 -4.52959e-05  3.63102e-06  -4.4857e-05  0.000321111
 5.32791e-05 -1.22901e-05 -1.88928e-05 -2.81075e-06 -1.63196e-05  9.59488e-06 -1.22901e-05  0.000252963  6.11843e-05  6.46988e-06  5.15347e-05 -0.000212049 -1.88928e-05  6.11843e-05  0.000178579  3.97883e-05  0.000150635 -5.18108e-05 -2.81075e-06  6.46988e-06  3.97883e-05   3.3214e-05  3.42796e-05 -4.37528e-06 -1.63196e-05  5.15347e-05  0.000150635  3.42796e-05  0.000132131   -4.384e-05  9.59488e-06 -0.000212049 -5.18108e-05 -4.37528e-06   -4.384e-05  0.000200893
 4.69802e-05 -1.77916e-05 -2.07695e-05 -1.12164e-06 -1.77198e-05  1.35184e-05 -1.77916e-05  0.000195177  5.95797e-05  5.52271e-06  5.02806e-05 -0.000166094 -2.07695e-05  5.95797e-05  0.000115868   3.1129e-05  0.000102797 -4.98841e-05 -1.12164e-06  5.52271e-06   3.1129e-05  2.74648e-05  2.77333e-05   -4.008e-06 -1.77198e-05  5.02806e-05  0.000102797  2.77333e-05   9.5999e-05 -4.22549e-05  1.35184e-05 -0.000166094 -4.98841e-05   -4.008e-06 -4.22549e-05  0.000162667
 4.32158e-05 -1.86858e-05 -1.58573e-05  3.51704e-07 -1.32763e-05  1.52475e-05 -1.86858e-05  0.000182379  5.15817e-05  2.82782e-06  4.41268e-05 -0.000157844 -1.58573e-05  5.15817e-05  9.68708e-05  2.51697e-05  8.75058e-05 -4.47306e-05  3.51704e-07  2.82782e-06  2.51697e-05  2.34867e-05  2.32854e-05 -2.13331e-06 -1.32763e-05  4.41268e-05  8.75058e-05  2.32854e-05  8.34863e-05 -3.84852e-05  1.52475e-05 -0.000157844 -4.47306e-05 -2.13331e-06 -3.84852e-05  0.000156175
 4.26956e-05 -2.25061e-05 -1.29822e-05  1.28483e-06 -1.05927e-05  1.99745e-05 -2.25061e-05   0.00019341  4.53812e-05  1.26866e-06  3.87958e-05 -0.000170526 -1.29822e-05  4.53812e-05  9.84479e-05  2.20567e-05  9.10837e-05  -3.9931e-05  1.28483e-06  1.26866e-06  2.20567e-05  2.14644e-05  2.12104e-05  -8.6766e-07 -1.05927e-05  3.87958e-05  9.10837e-05  2.12104e-05  8.85592e-05 -3.42799e-05  1.99745e-05 -0.000170526  -3.9931e-05  -8.6766e-07 -3.42799e-05  0.000169131
