 8.83438e-06 -3.15011e-08 -2.17065e-08  1.36724e-09  2.92245e-09  6.93098e-09 -3.15011e-08  8.65106e-06  1.63934e-08  2.57266e-09 -1.59258e-09 -7.16241e-08 -2.17065e-08  1.63934e-08  7.87104e-06  7.30419e-08  2.14123e-07  1.81112e-09  1.36724e-09  2.57266e-09  7.30419e-08  9.78965e-07 -1.61606e-08  6.67146e-10  2.92245e-09 -1.59258e-09  2.14123e-07 -1.61606e-08  9.51937e-07 -1.32287e-09  6.93098e-09 -7.16241e-08  1.81112e-09  6.67146e-10 -1.32287e-09  9.75096e-07
 6.58935e-05  2.57397e-06  2.64611e-07  -7.5586e-08 -3.87343e-07  7.63509e-07  2.57397e-06  7.68365e-05  2.60325e-06  1.52062e-06  5.56473e-07 -5.16445e-06  2.64611e-07  2.60325e-06  7.45792e-05  1.77724e-06  1.90828e-05  -1.9158e-07  -7.5586e-08  1.52062e-06  1.77724e-06  1.16805e-05 -1.28774e-06   7.1806e-08 -3.87343e-07  5.56473e-07  1.90828e-05 -1.28774e-06  1.26347e-05 -1.20397e-07  7.63509e-07 -5.16445e-06  -1.9158e-07   7.1806e-08 -1.20397e-07  6.13227e-06
 0.000103685  1.26444e-05  6.42491e-06  -2.6897e-07 -1.72496e-06  1.32607e-06  1.26444e-05  0.000111589  6.66338e-06  4.78904e-06  1.40835e-06 -1.17934e-05  6.42491e-06  6.66338e-06  0.000136119 -9.37746e-06  3.99269e-05  -5.6602e-07  -2.6897e-07  4.78904e-06 -9.37746e-06  1.75835e-05 -2.08065e-06   9.5904e-08 -1.72496e-06  1.40835e-06  3.99269e-05 -2.08065e-06  2.17262e-05 -1.56579e-07  1.32607e-06 -1.17934e-05  -5.6602e-07   9.5904e-08 -1.56579e-07  9.59855e-06
 0.000117553  1.83754e-05  1.13229e-05 -3.43492e-07  -2.4895e-06  1.11725e-06  1.83754e-05  0.000118114  8.43369e-06  6.77409e-06  1.79897e-06 -1.55657e-05  1.13229e-05  8.43369e-06   0.00015487 -1.65403e-05  5.21496e-05 -8.44015e-07 -3.43492e-07  6.77409e-06 -1.65403e-05  1.88182e-05 -2.37978e-06  6.65684e-08  -2.4895e-06  1.79897e-06  5.21496e-05 -2.37978e-06  2.53128e-05 -1.36999e-07  1.11725e-06 -1.55657e-05 -8.44015e-07  6.65684e-08 -1.36999e-07  1.08709e-05
 0.000135265  2.35758e-05  1.56768e-05 -4.14767e-07 -3.30238e-06  3.07889e-07  2.35758e-05  0.000125322  9.52686e-06  9.00303e-06  2.15497e-06  -2.0204e-05  1.56768e-05  9.52686e-06  0.000182785    -1.93e-05  6.47732e-05 -1.18557e-06 -4.14767e-07  9.00303e-06    -1.93e-05  1.99673e-05 -2.84673e-06 -2.54932e-08 -3.30238e-06  2.15497e-06  6.47732e-05 -2.84673e-06  2.99561e-05 -1.39751e-07  3.07889e-07  -2.0204e-05 -1.18557e-06 -2.54932e-08 -1.39751e-07  1.26262e-05
 0.000146542  2.53704e-05  1.77139e-05 -3.03704e-07 -3.91348e-06 -6.88019e-07  2.53704e-05  0.000131711   1.0101e-05  1.03229e-05  2.26111e-06 -2.30118e-05  1.77139e-05   1.0101e-05  0.000203226 -1.84686e-05  7.25106e-05 -1.41242e-06 -3.03704e-07  1.03229e-05 -1.84686e-05  2.08357e-05 -2.89825e-06 -1.03535e-07 -3.91348e-06  2.26111e-06  7.25106e-05 -2.89825e-06   3.3223e-05 -1.53973e-07 -6.88019e-07 -2.30118e-05 -1.41242e-06 -1.03535e-07 -1.53973e-07  1.38732e-05
 0.000167697  2.61509e-05  2.04105e-05   4.8712e-08 -5.45731e-06 -1.96993e-06  2.61509e-05  0.000147387  1.14293e-05  1.24299e-05  2.53934e-06 -2.76019e-05  2.04105e-05  1.14293e-05  0.000231082 -1.57672e-05  8.49191e-05  -1.9424e-06   4.8712e-08  1.24299e-05 -1.57672e-05  2.31884e-05 -2.64689e-06 -1.76081e-07 -5.45731e-06  2.53934e-06  8.49191e-05 -2.64689e-06  3.89339e-05 -2.94243e-07 -1.96993e-06 -2.76019e-05  -1.9424e-06 -1.76081e-07 -2.94243e-07   1.6516e-05
 0.000176755  2.52131e-05  2.09899e-05  4.59266e-07   -6.604e-06 -3.35642e-06  2.52131e-05  0.000157199  1.21288e-05  1.33199e-05  2.64076e-06 -2.95766e-05  2.09899e-05  1.21288e-05  0.000246676  -1.2709e-05   9.0735e-05 -2.31905e-06  4.59266e-07  1.33199e-05  -1.2709e-05  2.46974e-05 -1.98962e-06  -2.2464e-07   -6.604e-06  2.64076e-06   9.0735e-05 -1.98962e-06  4.18746e-05 -3.67968e-07 -3.35642e-06 -2.95766e-05 -2.31905e-06  -2.2464e-07 -3.67968e-07  1.79095e-05
 0.000183901  1.78913e-05  1.26592e-05  1.70808e-06 -1.08414e-05 -4.78017e-06  1.78913e-05  0.000186289  1.70794e-05  1.13972e-05  4.89668e-06 -3.31413e-05  1.26592e-05  1.70794e-05  0.000275147  -4.9795e-06  9.89848e-05 -4.54365e-06  1.70808e-06  1.13972e-05  -4.9795e-06  2.82814e-05 -4.46104e-07  1.42904e-07 -1.08414e-05  4.89668e-06  9.89848e-05 -4.46104e-07  4.74485e-05 -1.31847e-06 -4.78017e-06 -3.31413e-05 -4.54365e-06  1.42904e-07 -1.31847e-06  2.23526e-05
 8.49588e-05  7.84881e-07 -5.28429e-05  4.86311e-06 -2.39246e-05  -3.2607e-06  7.84881e-07  0.000143782  4.57015e-05 -4.45414e-06  1.90211e-05 -4.81424e-05 -5.28429e-05  4.57015e-05  0.000231939  7.14037e-06  0.000104154 -1.40951e-05  4.86311e-06 -4.45414e-06  7.14037e-06  2.00429e-05  1.24375e-06  2.06077e-06 -2.39246e-05  1.90211e-05  0.000104154  1.24375e-06  5.39213e-05 -6.16731e-06  -3.2607e-06 -4.81424e-05 -1.40951e-05  2.06077e-06 -6.16731e-06  3.18777e-05
 7.28789e-05  5.18077e-08  -5.3699e-05  4.63616e-06 -2.54788e-05 -3.11882e-06  5.18077e-08  0.000134179  4.78508e-05 -4.80764e-06  2.10585e-05 -5.12598e-05  -5.3699e-05  4.78508e-05  0.000222467  6.35528e-06  0.000104424 -1.57761e-05  4.63616e-06 -4.80764e-06  6.35528e-06  1.67177e-05   1.1276e-06  2.23312e-06 -2.54788e-05  2.10585e-05  0.000104424   1.1276e-06  5.47325e-05 -7.07209e-06 -3.11882e-06 -5.12598e-05 -1.57761e-05  2.23312e-06 -7.07209e-06  3.31698e-05
 6.56969e-05  6.92669e-07 -5.08783e-05  4.59703e-06 -2.56229e-05 -2.70952e-06  6.92669e-07  0.000131909  4.75873e-05 -4.37786e-06  2.16959e-05  -5.3549e-05 -5.08783e-05  4.75873e-05  0.000209882  2.98585e-06  0.000101932 -1.70168e-05  4.59703e-06 -4.37786e-06  2.98585e-06  1.35909e-05  3.32826e-07  2.22151e-06 -2.56229e-05  2.16959e-05  0.000101932  3.32826e-07  5.49894e-05 -7.80231e-06 -2.70952e-06  -5.3549e-05 -1.70168e-05  2.22151e-06 -7.80231e-06  3.40883e-05
 6.14376e-05    2.319e-06 -4.65688e-05  4.80055e-06 -2.51963e-05 -2.24866e-06    2.319e-06   0.00013254  4.63917e-05 -3.83334e-06  2.18917e-05 -5.62459e-05 -4.65688e-05  4.63917e-05  0.000190745 -1.76322e-06  9.89477e-05 -1.81083e-05  4.80055e-06 -3.83334e-06 -1.76322e-06  1.10506e-05 -5.45379e-07  2.17402e-06 -2.51963e-05  2.18917e-05  9.89477e-05 -5.45379e-07  5.56565e-05 -8.50038e-06 -2.24866e-06 -5.62459e-05 -1.81083e-05  2.17402e-06 -8.50038e-06  3.52007e-05
 5.96024e-05  3.78913e-06 -4.37282e-05  4.67996e-06 -2.46392e-05 -2.53258e-06  3.78913e-06  0.000134836  4.61629e-05 -3.32428e-06  2.23582e-05 -5.88976e-05 -4.37282e-05  4.61629e-05  0.000184596  -2.4742e-06  9.83622e-05 -1.90387e-05  4.67996e-06 -3.32428e-06  -2.4742e-06  9.99892e-06 -8.58722e-07  2.04509e-06 -2.46392e-05  2.23582e-05  9.83622e-05 -8.58722e-07   5.6842e-05 -9.18204e-06 -2.53258e-06 -5.88976e-05 -1.90387e-05  2.04509e-06 -9.18204e-06  3.68696e-05
 5.94345e-05  4.77829e-06 -4.18757e-05  4.58224e-06 -2.42895e-05 -3.02077e-06  4.77829e-06  0.000137475  4.63249e-05 -2.83567e-06  2.29358e-05 -6.13821e-05 -4.18757e-05  4.63249e-05  0.000183131 -1.81998e-06  9.93945e-05 -1.97794e-05  4.58224e-06 -2.83567e-06 -1.81998e-06  9.98145e-06 -7.65933e-07  1.88378e-06 -2.42895e-05  2.29358e-05  9.93945e-05 -7.65933e-07  5.85519e-05 -9.78907e-06 -3.02077e-06 -6.13821e-05 -1.97794e-05  1.88378e-06 -9.78907e-06  3.88586e-05
 6.05613e-05  5.94998e-06  -3.9978e-05  4.48786e-06 -2.38407e-05 -3.84711e-06  5.94998e-06  0.000140514  4.65768e-05 -2.37829e-06  2.35711e-05 -6.38224e-05  -3.9978e-05  4.65768e-05  0.000182155 -5.06492e-07  0.000100756 -2.03279e-05  4.48786e-06 -2.37829e-06 -5.06492e-07  1.05209e-05 -2.52009e-07  1.71217e-06 -2.38407e-05  2.35711e-05  0.000100756 -2.52009e-07   6.0535e-05 -1.03126e-05 -3.84711e-06 -6.38224e-05 -2.03279e-05  1.71217e-06 -1.03126e-05  4.10622e-05
 6.25673e-05  7.26959e-06  -3.7885e-05  4.41253e-06 -2.31274e-05  -4.8929e-06  7.26959e-06   0.00014417  4.66974e-05 -2.08576e-06  2.40855e-05 -6.60611e-05  -3.7885e-05  4.66974e-05  0.000181706  1.10696e-06   0.00010177 -2.06641e-05  4.41253e-06 -2.08576e-06  1.10696e-06  1.13961e-05  4.73698e-07  1.59572e-06 -2.31274e-05  2.40855e-05   0.00010177  4.73698e-07  6.23009e-05 -1.07145e-05  -4.8929e-06 -6.60611e-05 -2.06641e-05  1.59572e-06 -1.07145e-05  4.32697e-05
  6.6715e-05  8.61624e-06 -3.55873e-05  4.77303e-06 -2.23156e-05 -5.92461e-06  8.61624e-06  0.000149108  4.64332e-05 -1.95724e-06  2.44495e-05 -6.93843e-05 -3.55873e-05  4.64332e-05  0.000180618  2.51534e-06  0.000103291 -2.09825e-05  4.77303e-06 -1.95724e-06  2.51534e-06  1.30033e-05  1.11001e-06  1.57064e-06 -2.23156e-05  2.44495e-05  0.000103291  1.11001e-06  6.46759e-05 -1.11408e-05 -5.92461e-06 -6.93843e-05 -2.09825e-05  1.57064e-06 -1.11408e-05  4.64853e-05
 7.14727e-05  9.54992e-06 -3.37657e-05  5.21083e-06  -2.1683e-05 -6.55662e-06  9.54992e-06  0.000154294  4.59348e-05 -2.01544e-06  2.46363e-05 -7.23334e-05 -3.37657e-05  4.59348e-05   0.00017918  3.01311e-06  0.000104565 -2.12624e-05  5.21083e-06 -2.01544e-06  3.01311e-06  1.46457e-05  1.30696e-06  1.62661e-06  -2.1683e-05  2.46363e-05  0.000104565  1.30696e-06  6.69283e-05 -1.15573e-05 -6.55662e-06 -7.23334e-05 -2.12624e-05  1.62661e-06 -1.15573e-05   4.9461e-05
 7.98049e-05  1.00138e-05 -3.04927e-05  5.52328e-06  -2.0113e-05 -6.85382e-06  1.00138e-05  0.000167247   4.4566e-05 -2.42272e-06  2.43049e-05 -7.58933e-05 -3.04927e-05   4.4566e-05  0.000176269   2.6727e-06  0.000103937 -2.14126e-05  5.52328e-06 -2.42272e-06   2.6727e-06  1.71287e-05  1.02986e-06   1.8511e-06  -2.0113e-05  2.43049e-05  0.000103937  1.02986e-06  6.88525e-05 -1.20392e-05 -6.85382e-06 -7.58933e-05 -2.14126e-05   1.8511e-06 -1.20392e-05  5.37366e-05
 7.90515e-05  1.00826e-05 -2.44224e-05  6.76992e-06  -1.6331e-05 -7.20192e-06  1.00826e-05  0.000177986  3.87456e-05 -4.82213e-06  2.16999e-05 -8.75473e-05 -2.44224e-05  3.87456e-05  0.000162775  5.10804e-07  0.000100114  -2.0005e-05  6.76992e-06 -4.82213e-06  5.10804e-07  1.88522e-05  -8.0519e-08  3.14149e-06  -1.6331e-05  2.16999e-05  0.000100114  -8.0519e-08  6.99691e-05 -1.15557e-05 -7.20192e-06 -8.75473e-05  -2.0005e-05  3.14149e-06 -1.15557e-05  6.43808e-05
 6.98333e-05  1.14093e-05 -2.28019e-05  7.34959e-06 -1.55055e-05 -8.22997e-06  1.14093e-05  0.000169502  3.64324e-05 -5.96845e-06  2.11977e-05 -9.36356e-05 -2.28019e-05  3.64324e-05  0.000155295 -2.38192e-07   0.00010054 -1.96412e-05  7.34959e-06 -5.96845e-06 -2.38192e-07  1.76439e-05 -4.80161e-07  3.82882e-06 -1.55055e-05  2.11977e-05   0.00010054 -4.80161e-07   7.1793e-05 -1.15454e-05 -8.22997e-06 -9.36356e-05 -1.96412e-05  3.82882e-06 -1.15454e-05  6.92474e-05
 6.69351e-05  1.23094e-05 -2.17152e-05  7.38653e-06  -1.4879e-05 -8.87774e-06  1.23094e-05  0.000167806  3.54282e-05 -6.54524e-06  2.10655e-05 -9.64547e-05 -2.17152e-05  3.54282e-05  0.000151351 -8.33187e-07  0.000100738 -1.95863e-05  7.38653e-06 -6.54524e-06 -8.33187e-07  1.72037e-05 -8.39741e-07  4.21222e-06  -1.4879e-05  2.10655e-05  0.000100738 -8.39741e-07  7.30083e-05 -1.17276e-05 -8.87774e-06 -9.64547e-05 -1.95863e-05  4.21222e-06 -1.17276e-05  7.19733e-05
 6.53734e-05  1.27672e-05 -2.05338e-05  7.30134e-06 -1.41039e-05 -9.16745e-06  1.27672e-05  0.000168977  3.42545e-05 -7.02693e-06  2.06936e-05 -9.88479e-05 -2.05338e-05  3.42545e-05  0.000149513 -1.80833e-06  0.000100216 -1.94224e-05  7.30134e-06 -7.02693e-06 -1.80833e-06  1.69646e-05 -1.41853e-06  4.56645e-06 -1.41039e-05  2.06936e-05  0.000100216 -1.41853e-06  7.38431e-05 -1.18227e-05 -9.16745e-06 -9.88479e-05 -1.94224e-05  4.56645e-06 -1.18227e-05  7.46115e-05
 6.51028e-05   1.3024e-05 -1.88654e-05  7.17773e-06  -1.2889e-05 -9.20299e-06   1.3024e-05  0.000172866  3.23018e-05 -7.57712e-06  1.97364e-05  -0.00010213 -1.88654e-05  3.23018e-05  0.000146548 -3.57706e-06  9.92384e-05  -1.8917e-05  7.17773e-06 -7.57712e-06 -3.57706e-06  1.70934e-05 -2.48669e-06  4.99717e-06  -1.2889e-05  1.97364e-05  9.92384e-05 -2.48669e-06  7.47592e-05 -1.17007e-05 -9.20299e-06  -0.00010213  -1.8917e-05  4.99717e-06 -1.17007e-05  7.84402e-05
  6.5712e-05  1.33949e-05 -1.72657e-05  7.04083e-06 -1.15252e-05 -9.35857e-06  1.33949e-05  0.000176316  3.00294e-05 -8.17204e-06  1.84667e-05 -0.000105227 -1.72657e-05  3.00294e-05   0.00014283 -5.02082e-06  9.81747e-05 -1.79953e-05  7.04083e-06 -8.17204e-06 -5.02082e-06    1.754e-05 -3.38224e-06  5.39967e-06 -1.15252e-05  1.84667e-05  9.81747e-05 -3.38224e-06  7.53259e-05 -1.12436e-05 -9.35857e-06 -0.000105227 -1.79953e-05  5.39967e-06 -1.12436e-05  8.19674e-05
 6.62113e-05  1.43434e-05 -1.55992e-05    6.763e-06  -9.9807e-06 -9.92642e-06  1.43434e-05  0.000178796    2.748e-05 -8.88708e-06  1.70281e-05  -0.00010823 -1.55992e-05    2.748e-05  0.000139364  -6.3256e-06  9.71703e-05 -1.67868e-05    6.763e-06 -8.88708e-06  -6.3256e-06  1.79734e-05  -4.2271e-06  5.85364e-06  -9.9807e-06  1.70281e-05  9.71703e-05  -4.2271e-06  7.58711e-05 -1.05959e-05 -9.92642e-06  -0.00010823 -1.67868e-05  5.85364e-06 -1.05959e-05  8.54115e-05
 6.65559e-05  1.58065e-05 -1.41193e-05  6.27227e-06 -8.55377e-06 -1.09842e-05  1.58065e-05  0.000180582  2.47616e-05 -9.30822e-06   1.5421e-05 -0.000110768 -1.41193e-05  2.47616e-05   0.00013613 -7.17195e-06  9.60922e-05  -1.5327e-05  6.27227e-06 -9.30822e-06 -7.17195e-06  1.82092e-05 -4.82479e-06  6.10183e-06 -8.55377e-06   1.5421e-05  9.60922e-05 -4.82479e-06  7.62009e-05  -9.7477e-06 -1.09842e-05 -0.000110768  -1.5327e-05  6.10183e-06  -9.7477e-06  8.84108e-05
 6.67179e-05  1.80839e-05 -1.28325e-05  5.44433e-06 -7.31295e-06 -1.28794e-05  1.80839e-05  0.000181754  2.17705e-05 -9.18603e-06  1.35682e-05 -0.000112904 -1.28325e-05  2.17705e-05  0.000133098 -7.35521e-06  9.49985e-05 -1.35998e-05  5.44433e-06 -9.18603e-06 -7.35521e-06  1.81248e-05 -5.02444e-06  5.99592e-06 -7.31295e-06  1.35682e-05  9.49985e-05 -5.02444e-06  7.64105e-05 -8.69283e-06 -1.28794e-05 -0.000112904 -1.35998e-05  5.99592e-06 -8.69283e-06  9.10716e-05
 6.63081e-05   2.0375e-05 -1.18807e-05  4.34678e-06 -6.35081e-06 -1.47232e-05   2.0375e-05  0.000182261  1.83058e-05 -8.74363e-06  1.14161e-05 -0.000114791 -1.18807e-05  1.83058e-05  0.000130308 -7.94714e-06  9.40616e-05 -1.16836e-05  4.34678e-06 -8.74363e-06 -7.94714e-06  1.77818e-05  -5.5319e-06  5.78092e-06 -6.35081e-06  1.14161e-05  9.40616e-05  -5.5319e-06  7.67299e-05 -7.53497e-06 -1.47232e-05 -0.000114791 -1.16836e-05  5.78092e-06 -7.53497e-06  9.34721e-05
 6.48468e-05  2.20522e-05 -1.06086e-05  2.87971e-06 -5.84195e-06  -1.6231e-05  2.20522e-05  0.000181615  1.31984e-05 -7.74446e-06  8.76235e-06 -0.000116317 -1.06086e-05  1.31984e-05   0.00012641 -8.45324e-06  9.27724e-05 -8.93233e-06  2.87971e-06 -7.74446e-06 -8.45324e-06  1.71411e-05 -6.46362e-06  5.39117e-06 -5.84195e-06  8.76235e-06  9.27724e-05 -6.46362e-06  7.68346e-05 -6.23413e-06  -1.6231e-05 -0.000116317 -8.93233e-06  5.39117e-06 -6.23413e-06  9.52947e-05
 6.30341e-05   2.3396e-05  -8.4915e-06  1.22099e-06 -5.97944e-06 -1.78431e-05   2.3396e-05  0.000179463  6.25505e-06 -6.17187e-06  5.96839e-06 -0.000117327  -8.4915e-06  6.25505e-06  0.000120384 -7.87214e-06  9.14579e-05 -5.16056e-06  1.22099e-06 -6.17187e-06 -7.87214e-06  1.63671e-05  -7.5283e-06  4.79809e-06 -5.97944e-06  5.96839e-06  9.14579e-05  -7.5283e-06  7.67654e-05 -4.96323e-06 -1.78431e-05 -0.000117327 -5.16056e-06  4.79809e-06 -4.96323e-06  9.63083e-05
  6.3339e-05  2.46382e-05 -8.96564e-06  1.66482e-07 -6.38508e-06 -1.86345e-05  2.46382e-05  0.000179385  2.15354e-06 -5.49537e-06   3.3959e-06 -0.000117855 -8.96564e-06  2.15354e-06  0.000119964 -9.74796e-06  9.12545e-05 -2.79075e-06  1.66482e-07 -5.49537e-06 -9.74796e-06  1.64639e-05 -9.07258e-06  4.56258e-06 -6.38508e-06   3.3959e-06  9.12545e-05 -9.07258e-06  7.66155e-05  -3.5697e-06 -1.86345e-05 -0.000117855 -2.79075e-06  4.56258e-06  -3.5697e-06  9.67108e-05
 6.60919e-05  2.49969e-05 -1.04824e-05 -2.04685e-07 -7.14205e-06 -1.81224e-05  2.49969e-05   0.00018195 -5.56961e-07 -5.48455e-06   1.2046e-06 -0.000118065 -1.04824e-05 -5.56961e-07  0.000120916 -1.29792e-05  9.15335e-05 -1.16823e-06 -2.04685e-07 -5.48455e-06 -1.29792e-05  1.76796e-05 -1.11122e-05  4.58745e-06 -7.14205e-06   1.2046e-06  9.15335e-05 -1.11122e-05  7.64469e-05 -2.21406e-06 -1.81224e-05 -0.000118065 -1.16823e-06  4.58745e-06 -2.21406e-06  9.67057e-05
 7.01799e-05  2.41826e-05  -1.2358e-05 -3.32189e-08 -8.19325e-06 -1.62559e-05  2.41826e-05  0.000188122 -3.42047e-06 -5.72593e-06 -9.22301e-07 -0.000117604  -1.2358e-05 -3.42047e-06  0.000123289 -1.69901e-05   9.1307e-05  5.02753e-07 -3.32189e-08 -5.72593e-06 -1.69901e-05  1.98177e-05 -1.36581e-05  4.72554e-06 -8.19325e-06 -9.22301e-07   9.1307e-05 -1.36581e-05     7.59e-05  -8.7268e-07 -1.62559e-05 -0.000117604  5.02753e-07  4.72554e-06  -8.7268e-07  9.62231e-05
 7.75444e-05  2.32366e-05  -1.8072e-05  1.14624e-06 -1.17757e-05  -1.3052e-05  2.32366e-05  0.000192254 -9.96123e-06 -6.03047e-06 -5.80939e-06 -0.000118368  -1.8072e-05 -9.96123e-06   0.00012859 -2.47578e-05  9.44209e-05  4.62826e-06  1.14624e-06 -6.03047e-06 -2.47578e-05  2.55745e-05 -1.78194e-05   4.7248e-06 -1.17757e-05 -5.80939e-06  9.44209e-05 -1.78194e-05  7.76558e-05  2.38699e-06  -1.3052e-05 -0.000118368  4.62826e-06   4.7248e-06  2.38699e-06   9.5876e-05
  8.0727e-05  2.21993e-05 -2.00355e-05  2.05902e-06  -1.3027e-05 -1.08963e-05  2.21993e-05  0.000192254 -1.12505e-05 -6.28813e-06 -7.23282e-06 -0.000118557 -2.00355e-05 -1.12505e-05  0.000134314 -2.84473e-05  9.85279e-05  5.31792e-06  2.05902e-06 -6.28813e-06 -2.84473e-05  2.90156e-05  -1.9575e-05  4.97004e-06  -1.3027e-05 -7.23282e-06  9.85279e-05  -1.9575e-05  7.95006e-05  3.30922e-06 -1.08963e-05 -0.000118557  5.31792e-06  4.97004e-06  3.30922e-06  9.50924e-05
 8.79598e-05  1.72103e-05 -2.02316e-05  3.44102e-06  -1.3175e-05  -6.1925e-06  1.72103e-05  0.000203622 -9.89774e-06 -6.89001e-06 -8.13626e-06  -0.00011761 -2.02316e-05 -9.89774e-06  0.000156641 -3.27171e-05  0.000105376  4.80259e-06  3.44102e-06 -6.89001e-06 -3.27171e-05  3.43623e-05 -2.13487e-05  5.54196e-06  -1.3175e-05 -8.13626e-06  0.000105376 -2.13487e-05   8.0298e-05  4.12093e-06  -6.1925e-06  -0.00011761  4.80259e-06  5.54196e-06  4.12093e-06  9.37022e-05
 0.000121562   7.1101e-06 -3.02036e-05  5.39162e-06 -1.51107e-05 -1.00382e-06   7.1101e-06   0.00024312 -1.53846e-05  -8.4142e-06  -1.0732e-05 -0.000114086 -3.02036e-05 -1.53846e-05  0.000216423 -3.12138e-05  0.000125473   8.8328e-06  5.39162e-06  -8.4142e-06 -3.12138e-05  4.63971e-05 -1.86604e-05  6.17904e-06 -1.51107e-05  -1.0732e-05  0.000125473 -1.86604e-05  8.71988e-05   6.3438e-06 -1.00382e-06 -0.000114086   8.8328e-06  6.17904e-06   6.3438e-06  9.15013e-05
 0.000128242  3.33176e-06 -4.81815e-05  1.17351e-05  -2.3338e-05  5.70412e-06  3.33176e-06  0.000233191 -3.16431e-05    -8.78e-06  -2.2834e-05 -0.000112545 -4.81815e-05 -3.16431e-05  0.000272797 -3.85834e-05  0.000158747  1.57591e-05  1.17351e-05    -8.78e-06 -3.85834e-05  5.38727e-05 -1.26505e-05  5.38441e-06  -2.3338e-05  -2.2834e-05  0.000158747 -1.26505e-05  0.000107158  1.20345e-05  5.70412e-06 -0.000112545  1.57591e-05  5.38441e-06  1.20345e-05  8.75278e-05
 0.000127177  6.78593e-06 -5.85188e-05  1.34244e-05 -2.47192e-05  7.65886e-06  6.78593e-06     0.000223 -3.95859e-05 -1.00447e-05 -2.51146e-05 -0.000111278 -5.85188e-05 -3.95859e-05  0.000280139  -4.7683e-05  0.000162367  1.66698e-05  1.34244e-05 -1.00447e-05  -4.7683e-05  5.58907e-05 -1.54433e-05  5.79417e-06 -2.47192e-05 -2.51146e-05  0.000162367 -1.54433e-05  0.000108559  1.15162e-05  7.65886e-06 -0.000111278  1.66698e-05  5.79417e-06  1.15162e-05  8.51459e-05
 0.000139644  1.28621e-05   -8.364e-05  1.37489e-05 -2.46485e-05  7.40469e-06  1.28621e-05  0.000229646 -5.89287e-05 -1.09402e-05 -2.57346e-05 -0.000108841   -8.364e-05 -5.89287e-05  0.000305749 -5.39928e-05  0.000161503  2.00567e-05  1.37489e-05 -1.09402e-05 -5.39928e-05  5.87803e-05  -1.8455e-05  6.25867e-06 -2.46485e-05 -2.57346e-05  0.000161503  -1.8455e-05  0.000107767  9.86115e-06  7.40469e-06 -0.000108841  2.00567e-05  6.25867e-06  9.86115e-06  8.28355e-05
   0.0001558  1.71132e-05 -8.39756e-05  1.43845e-05 -2.61679e-05  7.68717e-06  1.71132e-05  0.000242204 -6.47217e-05  -4.8878e-06 -2.59122e-05 -0.000108169 -8.39756e-05 -6.47217e-05  0.000330741 -6.16968e-05  0.000168483  1.76424e-05  1.43845e-05  -4.8878e-06 -6.16968e-05  6.22298e-05 -2.11436e-05  6.51196e-06 -2.61679e-05 -2.59122e-05  0.000168483 -2.11436e-05  0.000105926  8.15554e-06  7.68717e-06 -0.000108169  1.76424e-05  6.51196e-06  8.15554e-06  8.04828e-05
 0.000178901  2.06845e-05 -3.65303e-05  1.49367e-05 -2.79271e-05  1.02035e-05  2.06845e-05   0.00027025 -4.17231e-05  8.42558e-06 -2.49236e-05 -0.000108634 -3.65303e-05 -4.17231e-05  0.000396271 -7.36053e-05  0.000185333  8.67776e-06  1.49367e-05  8.42558e-06 -7.36053e-05  6.80016e-05 -2.41825e-05  7.00022e-06 -2.79271e-05 -2.49236e-05  0.000185333 -2.41825e-05  0.000100965  6.89413e-06  1.02035e-05 -0.000108634  8.67776e-06  7.00022e-06  6.89413e-06    7.797e-05
 0.000206086  2.81218e-05 -5.35822e-06   1.3767e-05 -2.53839e-05   1.2323e-05  2.81218e-05  0.000311655  -1.8861e-05  1.50143e-05 -2.15916e-05 -0.000105504 -5.35822e-06  -1.8861e-05  0.000449407 -8.66115e-05  0.000189179  2.39011e-06   1.3767e-05  1.50143e-05 -8.66115e-05  7.74457e-05 -2.59654e-05  8.10753e-06 -2.53839e-05 -2.15916e-05  0.000189179 -2.59654e-05  9.83572e-05  5.83976e-06   1.2323e-05 -0.000105504  2.39011e-06  8.10753e-06  5.83976e-06  7.65337e-05
 0.000227494  3.08265e-05  6.88826e-06  1.12493e-05 -2.09708e-05  1.21402e-05  3.08265e-05  0.000370823 -8.20476e-06  1.31039e-05 -1.82427e-05 -9.54568e-05  6.88826e-06 -8.20476e-06  0.000612736 -7.86879e-05   0.00016739  1.00011e-06  1.12493e-05  1.31039e-05 -7.86879e-05   9.0987e-05 -2.61076e-05  9.23995e-06 -2.09708e-05 -1.82427e-05   0.00016739 -2.61076e-05  9.65656e-05  5.14683e-06  1.21402e-05 -9.54568e-05  1.00011e-06  9.23995e-06  5.14683e-06  7.58688e-05
   0.0003199  2.65922e-05 -1.61165e-05 -6.54625e-06 -8.66981e-06 -2.18451e-05  2.65922e-05  0.000612626 -4.84805e-05  -4.8862e-07 -5.60811e-06 -5.07801e-05 -1.61165e-05 -4.84805e-05   0.00185777  5.62262e-05   3.7097e-05  8.38667e-06 -6.54625e-06  -4.8862e-07  5.62262e-05  0.000143673 -1.10579e-05  9.49255e-06 -8.66981e-06 -5.60811e-06   3.7097e-05 -1.10579e-05   0.00010427   6.1506e-06 -2.18451e-05 -5.07801e-05  8.38667e-06  9.49255e-06   6.1506e-06  7.56083e-05
 0.000325701  1.98455e-05  -2.7637e-05 -8.93336e-06 -7.55084e-06 -2.14429e-05  1.98455e-05  0.000629297  -4.8696e-05 -2.00266e-06 -3.58798e-06 -4.29811e-05  -2.7637e-05  -4.8696e-05   0.00213215  7.43137e-05  8.55449e-06   9.9969e-06 -8.93336e-06 -2.00266e-06  7.43137e-05  0.000147329 -7.21193e-06   8.9163e-06 -7.55084e-06 -3.58798e-06  8.55449e-06 -7.21193e-06  0.000106259  5.98149e-06 -2.14429e-05 -4.29811e-05   9.9969e-06   8.9163e-06  5.98149e-06  7.37294e-05
 0.000319976  1.22744e-05 -3.69113e-05 -1.02851e-05   -7.082e-06 -1.94424e-05  1.22744e-05  0.000616369 -3.89939e-05 -2.72854e-06 -2.44689e-06 -3.79636e-05 -3.69113e-05 -3.89939e-05   0.00222528  7.58933e-05 -8.34375e-06   1.0974e-05 -1.02851e-05 -2.72854e-06  7.58933e-05  0.000144725 -3.44766e-06  8.06624e-06   -7.082e-06 -2.44689e-06 -8.34375e-06 -3.44766e-06  0.000105756  5.68062e-06 -1.94424e-05 -3.79636e-05   1.0974e-05  8.06624e-06  5.68062e-06   7.1227e-05
 0.000313039  4.35309e-06 -4.29114e-05 -1.11354e-05 -7.52211e-06 -1.72514e-05  4.35309e-06  0.000593598 -2.68207e-05 -2.83458e-06 -1.60444e-06 -3.58643e-05 -4.29114e-05 -2.68207e-05   0.00216922  6.77646e-05 -1.07641e-05  1.12591e-05 -1.11354e-05 -2.83458e-06  6.77646e-05  0.000139518    6.569e-07  6.86329e-06 -7.52211e-06 -1.60444e-06 -1.07641e-05    6.569e-07  0.000104627  5.40102e-06 -1.72514e-05 -3.58643e-05  1.12591e-05  6.86329e-06  5.40102e-06  6.88889e-05
 0.000302926 -3.10852e-06 -4.79801e-05 -1.16488e-05 -8.59742e-06 -1.46391e-05 -3.10852e-06  0.000558729 -1.24703e-05 -2.96242e-06 -7.82759e-07 -3.65156e-05 -4.79801e-05 -1.24703e-05    0.0019882  5.44476e-05  9.25966e-07  1.08417e-05 -1.16488e-05 -2.96242e-06  5.44476e-05  0.000132173  4.72767e-06  5.45428e-06 -8.59742e-06 -7.82759e-07  9.25966e-07  4.72767e-06  0.000102659  5.03199e-06 -1.46391e-05 -3.65156e-05  1.08417e-05  5.45428e-06  5.03199e-06   6.6486e-05
 0.000285001 -1.13163e-05  -5.4562e-05 -1.23649e-05 -1.10988e-05 -1.39092e-05 -1.13163e-05  0.000497807  5.35729e-06   -2.971e-06  6.34452e-07 -4.06908e-05  -5.4562e-05  5.35729e-06   0.00163373  5.08605e-05  3.15109e-05  9.52786e-06 -1.23649e-05   -2.971e-06  5.08605e-05  0.000121027  9.21175e-06   3.6275e-06 -1.10988e-05  6.34452e-07  3.15109e-05  9.21175e-06  9.94243e-05   4.5027e-06 -1.39092e-05 -4.06908e-05  9.52786e-06   3.6275e-06   4.5027e-06  6.34812e-05
 0.000263952 -1.88778e-05 -5.98256e-05 -1.24509e-05 -1.38165e-05 -1.28459e-05 -1.88778e-05  0.000427366  2.12967e-05 -4.12102e-06  2.46579e-06  -4.8503e-05 -5.98256e-05  2.12967e-05   0.00119247  5.17691e-05  7.48798e-05  6.93684e-06 -1.24509e-05 -4.12102e-06  5.17691e-05  0.000108291  1.23493e-05  1.77272e-06 -1.38165e-05  2.46579e-06  7.48798e-05  1.23493e-05  9.69984e-05  3.72344e-06 -1.28459e-05  -4.8503e-05  6.93684e-06  1.77272e-06  3.72344e-06  6.08927e-05
 0.000245738 -2.42239e-05 -6.39387e-05 -1.17528e-05 -1.56514e-05 -1.12155e-05 -2.42239e-05  0.000368615  2.98523e-05 -5.86001e-06  4.15504e-06 -5.65734e-05 -6.39387e-05  2.98523e-05  0.000807898  5.66878e-05  0.000112449  3.86038e-06 -1.17528e-05 -5.86001e-06  5.66878e-05  9.74496e-05  1.36067e-05  4.16471e-07 -1.56514e-05  4.15504e-06  0.000112449  1.36067e-05  9.67772e-05  2.88569e-06 -1.12155e-05 -5.65734e-05  3.86038e-06  4.16471e-07  2.88569e-06   5.9534e-05
 0.000233023 -2.73195e-05 -6.77925e-05 -1.05946e-05 -1.64835e-05  -9.0909e-06 -2.73195e-05  0.000328098  3.31885e-05 -7.57861e-06  5.45479e-06 -6.32939e-05 -6.77925e-05  3.31885e-05  0.000548227  6.02831e-05  0.000137474  1.01592e-06 -1.05946e-05 -7.57861e-06  6.02831e-05   8.9432e-05  1.37093e-05 -3.79247e-07 -1.64835e-05  5.45479e-06  0.000137474  1.37093e-05  9.83498e-05  2.10276e-06  -9.0909e-06 -6.32939e-05  1.01592e-06 -3.79247e-07  2.10276e-06  5.93576e-05
 0.000223924 -2.90128e-05 -7.08015e-05 -9.39052e-06 -1.66332e-05 -6.97035e-06 -2.90128e-05  0.000299501  3.38867e-05 -9.11743e-06  6.44508e-06 -6.82991e-05 -7.08015e-05  3.38867e-05  0.000405009  6.12857e-05  0.000151277 -1.29636e-06 -9.39052e-06 -9.11743e-06  6.12857e-05   8.3298e-05  1.33448e-05 -7.51545e-07 -1.66332e-05  6.44508e-06  0.000151277  1.33448e-05  0.000100214   1.4075e-06 -6.97035e-06 -6.82991e-05 -1.29636e-06 -7.51545e-07   1.4075e-06  5.97226e-05
 0.000209824 -2.91082e-05 -7.23292e-05 -8.28211e-06 -1.69818e-05 -5.46608e-06 -2.91082e-05  0.000267217  3.27159e-05  -9.9701e-06  7.49996e-06 -7.23336e-05 -7.23292e-05  3.27159e-05  0.000334625  5.99595e-05  0.000158512 -3.34029e-06 -8.28211e-06  -9.9701e-06  5.99595e-05  7.62366e-05  1.31665e-05 -1.03147e-06 -1.69818e-05  7.49996e-06  0.000158512  1.31665e-05  0.000101424  6.68891e-07 -5.46608e-06 -7.23336e-05 -3.34029e-06 -1.03147e-06  6.68891e-07  5.98363e-05
 0.000161895   -1.911e-05 -7.10143e-05 -5.70569e-06 -1.94322e-05 -3.53188e-06   -1.911e-05  0.000205702  2.86367e-05 -1.00455e-05  9.45789e-06 -7.76486e-05 -7.10143e-05  2.86367e-05  0.000317416  4.28065e-05   0.00016599 -6.76795e-06 -5.70569e-06 -1.00455e-05  4.28065e-05  5.93227e-05  1.20752e-05 -9.80914e-07 -1.94322e-05  9.45789e-06   0.00016599  1.20752e-05  0.000106016 -1.48996e-06 -3.53188e-06 -7.76486e-05 -6.76795e-06 -9.80914e-07 -1.48996e-06  6.05492e-05
 0.000147886 -1.61396e-05 -6.94009e-05  -4.0407e-06 -1.97146e-05  -1.3736e-06 -1.61396e-05  0.000193304  2.65577e-05 -1.00994e-05  9.49567e-06 -7.93134e-05 -6.94009e-05  2.65577e-05  0.000311932  3.36844e-05  0.000169854 -7.83691e-06  -4.0407e-06 -1.00994e-05  3.36844e-05  5.44114e-05   1.0278e-05 -6.26499e-07 -1.97146e-05  9.49567e-06  0.000169854   1.0278e-05  0.000109718 -2.38397e-06  -1.3736e-06 -7.93134e-05 -7.83691e-06 -6.26499e-07 -2.38397e-06  6.19855e-05
 0.000122655  -1.1309e-05 -6.27851e-05 -1.97416e-06 -1.99248e-05  7.37066e-07  -1.1309e-05  0.000179088  2.29791e-05 -8.89748e-06  9.30052e-06 -8.05333e-05 -6.27851e-05  2.29791e-05  0.000310422  2.27257e-05  0.000173477 -8.86119e-06 -1.97416e-06 -8.89748e-06  2.27257e-05  4.81998e-05  7.48981e-06  1.00582e-07 -1.99248e-05  9.30052e-06  0.000173477  7.48981e-06  0.000114217  -3.5032e-06  7.37066e-07 -8.05333e-05 -8.86119e-06  1.00582e-07  -3.5032e-06  6.39175e-05
 9.58889e-05 -6.89825e-06  -4.9114e-05 -4.60545e-07 -2.03254e-05  1.62401e-06 -6.89825e-06  0.000166107  1.85183e-05  -5.9833e-06  9.04897e-06  -8.1354e-05  -4.9114e-05  1.85183e-05  0.000303083  1.41398e-05  0.000177183 -8.98622e-06 -4.60545e-07  -5.9833e-06  1.41398e-05   4.2832e-05  4.77141e-06   8.8178e-07 -2.03254e-05  9.04897e-06  0.000177183  4.77141e-06  0.000118512 -4.50337e-06  1.62401e-06  -8.1354e-05 -8.98622e-06   8.8178e-07 -4.50337e-06  6.59726e-05
 7.14657e-05 -3.65854e-06 -3.17602e-05  4.69162e-07 -2.06572e-05  1.75947e-06 -3.65854e-06    0.0001528  1.40455e-05  -2.4317e-06  8.80205e-06 -8.23589e-05 -3.17602e-05  1.40455e-05  0.000290884  7.35106e-06  0.000181215 -8.34931e-06  4.69162e-07  -2.4317e-06  7.35106e-06  3.82323e-05  2.15447e-06  1.74562e-06 -2.06572e-05  8.80205e-06  0.000181215  2.15447e-06   0.00012303 -5.39844e-06  1.75947e-06 -8.23589e-05 -8.34931e-06  1.74562e-06 -5.39844e-06  6.82179e-05
 5.94232e-05 -1.98844e-06 -2.61437e-05  8.16646e-07 -1.94489e-05  1.41046e-06 -1.98844e-06   0.00014704  1.26224e-05 -1.26191e-06  8.55356e-06 -8.30657e-05 -2.61437e-05  1.26224e-05  0.000285517  3.56237e-06  0.000182959 -8.27016e-06  8.16646e-07 -1.26191e-06  3.56237e-06  3.51406e-05  5.72075e-07   2.3754e-06 -1.94489e-05  8.55356e-06  0.000182959  5.72075e-07  0.000127099 -5.86052e-06  1.41046e-06 -8.30657e-05 -8.27016e-06   2.3754e-06 -5.86052e-06  7.01843e-05
 5.40543e-05 -1.21595e-06 -2.44094e-05  9.22773e-07 -1.76892e-05  1.09673e-06 -1.21595e-06  0.000145194  1.22631e-05 -1.85854e-06   8.3669e-06 -8.37118e-05 -2.44094e-05  1.22631e-05  0.000279983  1.60361e-06  0.000183607 -8.48656e-06  9.22773e-07 -1.85854e-06  1.60361e-06   3.3079e-05 -2.80655e-07  2.94642e-06 -1.76892e-05   8.3669e-06  0.000183607 -2.80655e-07  0.000130681 -6.06492e-06  1.09673e-06 -8.37118e-05 -8.48656e-06  2.94642e-06 -6.06492e-06  7.19364e-05
 5.19033e-05 -1.17782e-06 -2.28434e-05  9.97202e-07 -1.59909e-05  1.20164e-06 -1.17782e-06  0.000144632  1.15544e-05 -3.03146e-06  7.97771e-06 -8.43283e-05 -2.28434e-05  1.15544e-05  0.000274226  3.76389e-07  0.000183622 -8.30352e-06  9.97202e-07 -3.03146e-06  3.76389e-07  3.16273e-05 -8.75037e-07   3.4718e-06 -1.59909e-05  7.97771e-06  0.000183622 -8.75037e-07  0.000133675 -5.99723e-06  1.20164e-06 -8.43283e-05 -8.30352e-06   3.4718e-06 -5.99723e-06  7.34493e-05
 5.13085e-05  -1.6507e-06 -2.12939e-05    1.137e-06 -1.44887e-05  1.75522e-06  -1.6507e-06  0.000144701  1.03932e-05 -4.18168e-06  7.36028e-06  -8.5265e-05 -2.12939e-05  1.03932e-05  0.000268311 -3.97486e-07  0.000183604 -7.70517e-06    1.137e-06 -4.18168e-06 -3.97486e-07  3.03486e-05 -1.30615e-06  3.91575e-06 -1.44887e-05  7.36028e-06  0.000183604 -1.30615e-06   0.00013687 -5.70222e-06  1.75522e-06  -8.5265e-05 -7.70517e-06  3.91575e-06 -5.70222e-06  7.50905e-05
 5.14951e-05 -2.22641e-06 -1.96857e-05  1.39589e-06 -1.30265e-05  2.57597e-06 -2.22641e-06  0.000145331  9.05499e-06 -5.01262e-06  6.53555e-06 -8.65231e-05 -1.96857e-05  9.05499e-06  0.000262482 -7.55345e-07  0.000183358 -6.85531e-06  1.39589e-06 -5.01262e-06 -7.55345e-07  2.90036e-05   -1.375e-06  4.21915e-06 -1.30265e-05  6.53555e-06  0.000183358   -1.375e-06  0.000139831 -5.15856e-06  2.57597e-06 -8.65231e-05 -6.85531e-06  4.21915e-06 -5.15856e-06  7.66205e-05
 5.21319e-05 -2.14348e-06 -1.77387e-05  1.78645e-06 -1.15489e-05  3.30027e-06 -2.14348e-06  0.000146449  8.09553e-06 -5.58898e-06  5.54885e-06 -8.85704e-05 -1.77387e-05  8.09553e-06  0.000256139 -1.15734e-06   0.00018332 -6.08318e-06  1.78645e-06 -5.58898e-06 -1.15734e-06  2.73829e-05 -3.67703e-07  4.46739e-06 -1.15489e-05  5.54885e-06   0.00018332 -3.67703e-07  0.000142811 -4.32335e-06  3.30027e-06 -8.85704e-05 -6.08318e-06  4.46739e-06 -4.32335e-06   7.8138e-05
  5.3403e-05 -1.35508e-06 -1.54268e-05  2.25426e-06 -1.01408e-05  3.92857e-06 -1.35508e-06  0.000147508  7.77364e-06  -6.0366e-06  4.44862e-06 -9.13875e-05 -1.54268e-05  7.77364e-06  0.000248366 -2.33497e-06  0.000184187   -5.566e-06  2.25426e-06  -6.0366e-06 -2.33497e-06  2.59693e-05  1.63918e-06  4.77717e-06 -1.01408e-05  4.44862e-06  0.000184187  1.63918e-06  0.000145914 -3.26528e-06  3.92857e-06 -9.13875e-05   -5.566e-06  4.77717e-06 -3.26528e-06  7.97746e-05
 5.67244e-05 -1.10201e-06 -1.37948e-05  2.60217e-06 -8.52266e-06  4.35124e-06 -1.10201e-06  0.000149026  6.28508e-06 -6.87604e-06  3.15234e-06 -9.34682e-05 -1.37948e-05  6.28508e-06  0.000245535 -2.55512e-07   0.00018522 -4.30646e-06  2.60217e-06 -6.87604e-06 -2.55512e-07  2.61248e-05  3.74679e-06  5.30376e-06 -8.52266e-06  3.15234e-06   0.00018522  3.74679e-06   0.00014925   -2.129e-06  4.35124e-06 -9.34682e-05 -4.30646e-06  5.30376e-06   -2.129e-06  8.18188e-05
 6.31017e-05 -1.00686e-06 -1.22508e-05  2.81891e-06 -6.52484e-06  4.46012e-06 -1.00686e-06  0.000152025  4.37616e-06 -8.08984e-06  1.81344e-06 -9.45715e-05 -1.22508e-05  4.37616e-06  0.000242269  3.22943e-06  0.000185726 -2.81569e-06  2.81891e-06 -8.08984e-06  3.22943e-06  2.80259e-05  6.09007e-06   6.0121e-06 -6.52484e-06  1.81344e-06  0.000185726  6.09007e-06  0.000152268 -1.04423e-06  4.46012e-06 -9.45715e-05 -2.81569e-06   6.0121e-06 -1.04423e-06  8.40714e-05
 7.37421e-05 -1.14301e-06  -1.1006e-05  2.92187e-06 -4.34682e-06  4.38009e-06 -1.14301e-06  0.000160709  2.57334e-06 -9.44246e-06  3.73672e-07 -9.45061e-05  -1.1006e-05  2.57334e-06  0.000239396  6.81682e-06  0.000183758 -1.30368e-06  2.92187e-06 -9.44246e-06  6.81682e-06   3.1457e-05  8.71918e-06  6.79491e-06 -4.34682e-06  3.73672e-07  0.000183758  8.71918e-06  0.000153969  8.40287e-08  4.38009e-06 -9.45061e-05 -1.30368e-06  6.79491e-06  8.40287e-08  8.62794e-05
 0.000118473 -3.53384e-06  -1.2087e-05  3.59725e-06  5.70203e-07  5.96413e-06 -3.53384e-06    0.0001789 -1.25875e-06 -1.36364e-05 -3.26077e-06 -9.07359e-05  -1.2087e-05 -1.25875e-06   0.00021469  1.41933e-05  0.000167137  2.09327e-06  3.59725e-06 -1.36364e-05  1.41933e-05   4.9513e-05  1.37614e-05  8.11726e-06  5.70203e-07 -3.26077e-06  0.000167137  1.37614e-05  0.000147003  3.01442e-06  5.96413e-06 -9.07359e-05  2.09327e-06  8.11726e-06  3.01442e-06  8.91792e-05
 0.000133927 -6.65946e-06 -1.24933e-05  3.51309e-06  4.49656e-06  3.87173e-06 -6.65946e-06  0.000174803 -2.40761e-06 -1.69462e-05 -5.19597e-06  -8.7843e-05 -1.24933e-05 -2.40761e-06  0.000186974  2.47109e-05  0.000147118  3.89692e-06  3.51309e-06 -1.69462e-05  2.47109e-05  6.33508e-05  1.84837e-05  8.56969e-06  4.49656e-06 -5.19597e-06  0.000147118  1.84837e-05  0.000134462  4.73341e-06  3.87173e-06  -8.7843e-05  3.89692e-06  8.56969e-06  4.73341e-06  8.99989e-05
 0.000148461  -1.7998e-05 -1.20611e-05  2.37146e-06  8.19299e-06  8.08511e-06  -1.7998e-05  0.000172643 -2.22832e-06 -1.48901e-05 -7.44698e-06 -8.26346e-05 -1.20611e-05 -2.22832e-06  0.000148332  2.56724e-05  0.000116139  4.67538e-06  2.37146e-06 -1.48901e-05  2.56724e-05  6.66294e-05  1.53019e-05  6.76852e-06  8.19299e-06 -7.44698e-06  0.000116139  1.53019e-05  0.000111659  6.46152e-06  8.08511e-06 -8.26346e-05  4.67538e-06  6.76852e-06  6.46152e-06  8.71962e-05
 0.000183121 -5.00689e-05  1.14592e-05 -1.06588e-06  1.19604e-05  1.94421e-05 -5.00689e-05   0.00018384 -1.20506e-05 -3.66967e-06 -1.11587e-05 -8.36573e-05  1.14592e-05 -1.20506e-05  0.000115558  2.18445e-05  8.66151e-05  8.24723e-06 -1.06588e-06 -3.66967e-06  2.18445e-05  5.80963e-05  8.74663e-06  3.22035e-06  1.19604e-05 -1.11587e-05  8.66151e-05  8.74663e-06   8.8053e-05  7.21698e-06  1.94421e-05 -8.36573e-05  8.24723e-06  3.22035e-06  7.21698e-06  8.25908e-05
 0.000174843 -5.44343e-05  1.07654e-05 -1.55583e-06  1.18771e-05  1.79638e-05 -5.44343e-05  0.000173723 -1.16545e-05 -2.39446e-06  -1.1597e-05 -8.48971e-05  1.07654e-05 -1.16545e-05  0.000100691  2.21804e-05  7.97695e-05  7.76321e-06 -1.55583e-06 -2.39446e-06  2.21804e-05  5.42835e-05  8.34112e-06  2.40201e-06  1.18771e-05  -1.1597e-05  7.97695e-05  8.34112e-06  8.44014e-05  7.18723e-06  1.79638e-05 -8.48971e-05  7.76321e-06  2.40201e-06  7.18723e-06  8.27201e-05
 0.000156068 -5.11471e-05  7.42272e-06 -1.79098e-06  1.07638e-05  1.48761e-05 -5.11471e-05  0.000171746 -9.83867e-06 -2.17318e-06  -1.1438e-05 -8.50523e-05  7.42272e-06 -9.83867e-06   9.5385e-05   2.2165e-05  7.52605e-05  6.78328e-06 -1.79098e-06 -2.17318e-06   2.2165e-05   4.9565e-05  8.26864e-06  1.73839e-06  1.07638e-05  -1.1438e-05  7.52605e-05  8.26864e-06  8.13199e-05  7.10844e-06  1.48761e-05 -8.50523e-05  6.78328e-06  1.73839e-06  7.10844e-06  8.31372e-05
 0.000138226 -4.21726e-05  3.61956e-06 -2.25385e-06   9.6341e-06  1.30448e-05 -4.21726e-05  0.000176297 -7.43972e-06  -2.1511e-06 -1.09484e-05 -8.54074e-05  3.61956e-06 -7.43972e-06  0.000117763  1.92188e-05  7.73206e-05  5.95316e-06 -2.25385e-06  -2.1511e-06  1.92188e-05  4.47201e-05  8.07056e-06  1.06655e-06   9.6341e-06 -1.09484e-05  7.73206e-05  8.07056e-06  7.98397e-05  7.11249e-06  1.30448e-05 -8.54074e-05  5.95316e-06  1.06655e-06  7.11249e-06  8.43907e-05
 0.000127772 -3.69727e-05  2.14292e-06 -2.46557e-06  9.06962e-06   1.0743e-05 -3.69727e-05  0.000176106  -6.4733e-06  -2.1705e-06 -1.07556e-05 -8.64697e-05  2.14292e-06  -6.4733e-06  0.000129329  1.97161e-05  7.75377e-05  5.51236e-06 -2.46557e-06  -2.1705e-06  1.97161e-05  4.21813e-05  8.95532e-06  8.72522e-07  9.06962e-06 -1.07556e-05  7.75377e-05  8.95532e-06  7.97909e-05  7.10202e-06   1.0743e-05 -8.64697e-05  5.51236e-06  8.72522e-07  7.10202e-06  8.56374e-05
 0.000109528 -2.96582e-05  2.24239e-07 -2.77697e-06  8.57971e-06  7.51223e-06 -2.96582e-05  0.000165657 -5.94876e-06 -2.30795e-06 -1.05263e-05 -8.84566e-05  2.24239e-07 -5.94876e-06    0.0001119  2.16347e-05  7.73891e-05  5.25643e-06 -2.77697e-06 -2.30795e-06  2.16347e-05   3.8108e-05  1.06597e-05  7.37541e-07  8.57971e-06 -1.05263e-05  7.73891e-05  1.06597e-05  7.93133e-05  7.11776e-06  7.51223e-06 -8.84566e-05  5.25643e-06  7.37541e-07  7.11776e-06  8.71846e-05
 9.75142e-05 -2.41636e-05 -1.45724e-06 -3.00157e-06  8.44863e-06  5.27623e-06 -2.41636e-05  0.000156906 -6.72726e-06 -2.37262e-06 -1.03328e-05 -9.00706e-05 -1.45724e-06 -6.72726e-06  0.000101768  2.16143e-05  7.74086e-05  5.86582e-06 -3.00157e-06 -2.37262e-06  2.16143e-05   3.5325e-05  1.23058e-05  6.80904e-07  8.44863e-06 -1.03328e-05  7.74086e-05  1.23058e-05  7.91608e-05   7.1043e-06  5.27623e-06 -9.00706e-05  5.86582e-06  6.80904e-07   7.1043e-06  8.87784e-05
 8.45996e-05  -1.8242e-05 -9.10177e-07 -3.05748e-06  8.30139e-06  3.69846e-06  -1.8242e-05  0.000146868 -9.20998e-06 -2.07684e-06 -1.00658e-05 -9.15107e-05 -9.10177e-07 -9.20998e-06  9.73067e-05  2.03164e-05   7.8052e-05  7.48289e-06 -3.05748e-06 -2.07684e-06  2.03164e-05   3.2052e-05  1.36766e-05  6.20589e-07  8.30139e-06 -1.00658e-05   7.8052e-05  1.36766e-05   7.8611e-05  7.10342e-06  3.69846e-06 -9.15107e-05  7.48289e-06  6.20589e-07  7.10342e-06  9.02653e-05
 6.78463e-05 -1.14647e-05  6.49728e-06 -2.18739e-06  7.00126e-06   2.6662e-06 -1.14647e-05  0.000134746 -1.15883e-05  -1.8247e-07 -9.52128e-06 -9.32337e-05  6.49728e-06 -1.15883e-05  9.25221e-05  1.88929e-05   7.8319e-05  9.02646e-06 -2.18739e-06  -1.8247e-07  1.88929e-05  2.72332e-05  1.44858e-05  2.57704e-07  7.00126e-06 -9.52128e-06   7.8319e-05  1.44858e-05  7.78642e-05  7.37617e-06   2.6662e-06 -9.32337e-05  9.02646e-06  2.57704e-07  7.37617e-06  9.19955e-05
 5.61067e-05 -8.27371e-06  6.22342e-06  -1.0984e-06  6.41073e-06  3.78714e-06 -8.27371e-06  0.000126998 -8.66686e-06  1.06197e-06 -9.23296e-06 -9.48485e-05  6.22342e-06 -8.66686e-06  8.43699e-05  1.53477e-05  7.77023e-05  7.72733e-06  -1.0984e-06  1.06197e-06  1.53477e-05   2.3322e-05  1.41161e-05 -1.92726e-07  6.41073e-06 -9.23296e-06  7.77023e-05  1.41161e-05  7.80313e-05  7.96629e-06  3.78714e-06 -9.48485e-05  7.72733e-06 -1.92726e-07  7.96629e-06  9.38637e-05
